,TCGA-4P-AA8J,TCGA-BA-4074,TCGA-BA-4075,TCGA-BA-4076,TCGA-BA-4077,TCGA-BA-4078,TCGA-BA-5149,TCGA-BA-5151,TCGA-BA-5152,TCGA-BA-5153,TCGA-BA-5555,TCGA-BA-5556,TCGA-BA-5557,TCGA-BA-5558,TCGA-BA-5559,TCGA-BA-6868,TCGA-BA-6869,TCGA-BA-6870,TCGA-BA-6871,TCGA-BA-6872,TCGA-BA-6873,TCGA-BA-7269,TCGA-BA-A4IF,TCGA-BA-A4IG,TCGA-BA-A4IH,TCGA-BA-A4II,TCGA-BA-A6D8,TCGA-BA-A6DA,TCGA-BA-A6DB,TCGA-BA-A6DD,TCGA-BA-A6DE,TCGA-BA-A6DG,TCGA-BA-A6DI,TCGA-BA-A6DJ,TCGA-BA-A6DL,TCGA-BA-A8YP,TCGA-BB-4217,TCGA-BB-4223,TCGA-BB-4224,TCGA-BB-4225,TCGA-BB-4227,TCGA-BB-4228,TCGA-BB-7870,TCGA-BB-8596,TCGA-BB-8601,TCGA-BB-A5HU,TCGA-BB-A5HY,TCGA-BB-A5HZ,TCGA-BB-A6UM,TCGA-BB-A6UO,TCGA-C9-A47Z,TCGA-C9-A480,TCGA-CN-4725,TCGA-CN-4726,TCGA-CN-4727,TCGA-CN-4728,TCGA-CN-4729,TCGA-CN-4730,TCGA-CN-4731,TCGA-CN-4733,TCGA-CN-4734,TCGA-CN-4735,TCGA-CN-4736,TCGA-CN-4737,TCGA-CN-4738,TCGA-CN-4739,TCGA-CN-4740,TCGA-CN-4741,TCGA-CN-4742,TCGA-CN-5355,TCGA-CN-5356,TCGA-CN-5358,TCGA-CN-5359,TCGA-CN-5360,TCGA-CN-5361,TCGA-CN-5363,TCGA-CN-5364,TCGA-CN-5365,TCGA-CN-5366,TCGA-CN-5367,TCGA-CN-5369,TCGA-CN-5370,TCGA-CN-5373,TCGA-CN-5374,TCGA-CN-6010,TCGA-CN-6011,TCGA-CN-6012,TCGA-CN-6013,TCGA-CN-6016,TCGA-CN-6018,TCGA-CN-6019,TCGA-CN-6020,TCGA-CN-6021,TCGA-CN-6022,TCGA-CN-6023,TCGA-CN-6024,TCGA-CN-6988,TCGA-CN-6989,TCGA-CN-6992,TCGA-CN-6994,TCGA-CN-6995,TCGA-CN-6996,TCGA-CN-6997,TCGA-CN-6998,TCGA-CN-A497,TCGA-CN-A498,TCGA-CN-A499,TCGA-CN-A49A,TCGA-CN-A49B,TCGA-CN-A49C,TCGA-CN-A63T,TCGA-CN-A63U,TCGA-CN-A63V,TCGA-CN-A63W,TCGA-CN-A641,TCGA-CN-A642,TCGA-CN-A6UY,TCGA-CN-A6V1,TCGA-CN-A6V3,TCGA-CN-A6V6,TCGA-CN-A6V7,TCGA-CQ-5323,TCGA-CQ-5324,TCGA-CQ-5325,TCGA-CQ-5326,TCGA-CQ-5327,TCGA-CQ-5329,TCGA-CQ-5330,TCGA-CQ-5331,TCGA-CQ-5332,TCGA-CQ-5333,TCGA-CQ-5334,TCGA-CQ-6218,TCGA-CQ-6219,TCGA-CQ-6220,TCGA-CQ-6221,TCGA-CQ-6222,TCGA-CQ-6223,TCGA-CQ-6224,TCGA-CQ-6225,TCGA-CQ-6227,TCGA-CQ-6228,TCGA-CQ-6229,TCGA-CQ-7063,TCGA-CQ-7065,TCGA-CQ-7068,TCGA-CQ-7069,TCGA-CQ-7071,TCGA-CQ-7072,TCGA-CQ-A4C6,TCGA-CQ-A4C7,TCGA-CQ-A4C9,TCGA-CQ-A4CB,TCGA-CQ-A4CD,TCGA-CQ-A4CE,TCGA-CQ-A4CG,TCGA-CQ-A4CH,TCGA-CQ-A4CI,TCGA-CR-5243,TCGA-CR-5247,TCGA-CR-5248,TCGA-CR-5249,TCGA-CR-5250,TCGA-CR-6467,TCGA-CR-6470,TCGA-CR-6471,TCGA-CR-6472,TCGA-CR-6473,TCGA-CR-6474,TCGA-CR-6477,TCGA-CR-6478,TCGA-CR-6480,TCGA-CR-6481,TCGA-CR-6482,TCGA-CR-6484,TCGA-CR-6487,TCGA-CR-6488,TCGA-CR-6491,TCGA-CR-6492,TCGA-CR-6493,TCGA-CR-7364,TCGA-CR-7365,TCGA-CR-7367,TCGA-CR-7368,TCGA-CR-7369,TCGA-CR-7370,TCGA-CR-7371,TCGA-CR-7372,TCGA-CR-7373,TCGA-CR-7374,TCGA-CR-7376,TCGA-CR-7377,TCGA-CR-7379,TCGA-CR-7380,TCGA-CR-7382,TCGA-CR-7383,TCGA-CR-7385,TCGA-CR-7386,TCGA-CR-7388,TCGA-CR-7389,TCGA-CR-7390,TCGA-CR-7391,TCGA-CR-7392,TCGA-CR-7394,TCGA-CR-7395,TCGA-CR-7397,TCGA-CR-7398,TCGA-CR-7399,TCGA-CR-7401,TCGA-CR-7404,TCGA-CV-5430,TCGA-CV-5432,TCGA-CV-5434,TCGA-CV-5435,TCGA-CV-5436,TCGA-CV-5439,TCGA-CV-5440,TCGA-CV-5441,TCGA-CV-5442,TCGA-CV-5443,TCGA-CV-5444,TCGA-CV-5966,TCGA-CV-5970,TCGA-CV-5971,TCGA-CV-5973,TCGA-CV-5976,TCGA-CV-5977,TCGA-CV-5978,TCGA-CV-5979,TCGA-CV-6003,TCGA-CV-6433,TCGA-CV-6436,TCGA-CV-6441,TCGA-CV-6933,TCGA-CV-6934,TCGA-CV-6935,TCGA-CV-6936,TCGA-CV-6937,TCGA-CV-6938,TCGA-CV-6939,TCGA-CV-6940,TCGA-CV-6941,TCGA-CV-6942,TCGA-CV-6943,TCGA-CV-6945,TCGA-CV-6948,TCGA-CV-6950,TCGA-CV-6951,TCGA-CV-6952,TCGA-CV-6953,TCGA-CV-6954,TCGA-CV-6955,TCGA-CV-6956,TCGA-CV-6959,TCGA-CV-6960,TCGA-CV-6961,TCGA-CV-6962,TCGA-CV-7089,TCGA-CV-7090,TCGA-CV-7091,TCGA-CV-7095,TCGA-CV-7097,TCGA-CV-7099,TCGA-CV-7100,TCGA-CV-7101,TCGA-CV-7102,TCGA-CV-7103,TCGA-CV-7104,TCGA-CV-7177,TCGA-CV-7178,TCGA-CV-7180,TCGA-CV-7183,TCGA-CV-7235,TCGA-CV-7236,TCGA-CV-7238,TCGA-CV-7242,TCGA-CV-7243,TCGA-CV-7245,TCGA-CV-7247,TCGA-CV-7248,TCGA-CV-7250,TCGA-CV-7252,TCGA-CV-7253,TCGA-CV-7254,TCGA-CV-7255,TCGA-CV-7261,TCGA-CV-7263,TCGA-CV-7406,TCGA-CV-7407,TCGA-CV-7410,TCGA-CV-7411,TCGA-CV-7413,TCGA-CV-7414,TCGA-CV-7415,TCGA-CV-7416,TCGA-CV-7418,TCGA-CV-7421,TCGA-CV-7422,TCGA-CV-7423,TCGA-CV-7424,TCGA-CV-7425,TCGA-CV-7427,TCGA-CV-7429,TCGA-CV-7430,TCGA-CV-7432,TCGA-CV-7433,TCGA-CV-7434,TCGA-CV-7435,TCGA-CV-7437,TCGA-CV-7438,TCGA-CV-7440,TCGA-CV-7446,TCGA-CV-A45O,TCGA-CV-A45P,TCGA-CV-A45Q,TCGA-CV-A45R,TCGA-CV-A45T,TCGA-CV-A45U,TCGA-CV-A45V,TCGA-CV-A45W,TCGA-CV-A45X,TCGA-CV-A45Y,TCGA-CV-A45Z,TCGA-CV-A460,TCGA-CV-A461,TCGA-CV-A463,TCGA-CV-A464,TCGA-CV-A465,TCGA-CV-A468,TCGA-CV-A6JD,TCGA-CV-A6JE,TCGA-CV-A6JM,TCGA-CV-A6JN,TCGA-CV-A6JO,TCGA-CV-A6JT,TCGA-CV-A6JU,TCGA-CV-A6JY,TCGA-CV-A6JZ,TCGA-CV-A6K0,TCGA-CV-A6K1,TCGA-CV-A6K2,TCGA-CX-7082,TCGA-CX-7085,TCGA-CX-7086,TCGA-CX-7219,TCGA-CX-A4AQ,TCGA-D6-6515,TCGA-D6-6517,TCGA-D6-6823,TCGA-D6-6824,TCGA-D6-6825,TCGA-D6-6826,TCGA-D6-6827,TCGA-D6-8568,TCGA-D6-8569,TCGA-D6-A4Z9,TCGA-D6-A4ZB,TCGA-D6-A6EK,TCGA-D6-A6EM,TCGA-D6-A6EN,TCGA-D6-A6EO,TCGA-D6-A6EP,TCGA-D6-A6EQ,TCGA-D6-A6ES,TCGA-D6-A74Q,TCGA-DQ-5624,TCGA-DQ-5625,TCGA-DQ-5629,TCGA-DQ-5630,TCGA-DQ-5631,TCGA-DQ-7588,TCGA-DQ-7591,TCGA-DQ-7592,TCGA-DQ-7593,TCGA-DQ-7596,TCGA-F7-7848,TCGA-F7-8298,TCGA-F7-8489,TCGA-F7-A50G,TCGA-F7-A50I,TCGA-F7-A50J,TCGA-F7-A61S,TCGA-F7-A61V,TCGA-F7-A61W,TCGA-F7-A620,TCGA-F7-A622,TCGA-F7-A623,TCGA-H7-7774,TCGA-H7-8501,TCGA-H7-A6C4,TCGA-H7-A6C5,TCGA-H7-A76A,TCGA-HD-7229,TCGA-HD-7753,TCGA-HD-7754,TCGA-HD-7831,TCGA-HD-7832,TCGA-HD-8224,TCGA-HD-8314,TCGA-HD-8634,TCGA-HD-8635,TCGA-HD-A4C1,TCGA-HD-A633,TCGA-HD-A634,TCGA-HD-A6HZ,TCGA-HD-A6I0,TCGA-IQ-7630,TCGA-IQ-7631,TCGA-IQ-7632,TCGA-IQ-A61E,TCGA-IQ-A61G,TCGA-IQ-A61H,TCGA-IQ-A61I,TCGA-IQ-A61J,TCGA-IQ-A61O,TCGA-IQ-A6SG,TCGA-IQ-A6SH,TCGA-KU-A66S,TCGA-KU-A66T,TCGA-KU-A6H7,TCGA-KU-A6H8,TCGA-MT-A51W,TCGA-MT-A51X,TCGA-MT-A67A,TCGA-MT-A67D,TCGA-MT-A67F,TCGA-MT-A7BN,TCGA-MZ-A5BI,TCGA-MZ-A6I9,TCGA-MZ-A7D7,TCGA-P3-A5Q5,TCGA-P3-A5Q6,TCGA-P3-A5QA,TCGA-P3-A5QE,TCGA-P3-A5QF,TCGA-P3-A6SW,TCGA-P3-A6SX,TCGA-P3-A6T0,TCGA-P3-A6T2,TCGA-P3-A6T3,TCGA-P3-A6T4,TCGA-P3-A6T5,TCGA-P3-A6T6,TCGA-P3-A6T7,TCGA-P3-A6T8,TCGA-QK-A64Z,TCGA-QK-A652,TCGA-QK-A6IF,TCGA-QK-A6IG,TCGA-QK-A6IH,TCGA-QK-A6II,TCGA-QK-A6IJ,TCGA-QK-A6V9,TCGA-QK-A6VB,TCGA-QK-A6VC,TCGA-QK-A8Z7,TCGA-QK-A8Z8,TCGA-QK-A8Z9,TCGA-QK-A8ZA,TCGA-QK-A8ZB,TCGA-QK-AA3J,TCGA-QK-AA3K,TCGA-RS-A6TO,TCGA-RS-A6TP,TCGA-T2-A6WX,TCGA-T2-A6WZ,TCGA-T2-A6X0,TCGA-T2-A6X2,TCGA-T3-A92M,TCGA-T3-A92N,TCGA-TN-A7HI,TCGA-TN-A7HJ,TCGA-TN-A7HL,TCGA-UF-A718,TCGA-UF-A719,TCGA-UF-A71A,TCGA-UF-A71B,TCGA-UF-A71D,TCGA-UF-A71E,TCGA-UF-A7J9,TCGA-UF-A7JA,TCGA-UF-A7JC,TCGA-UF-A7JD,TCGA-UF-A7JF,TCGA-UF-A7JH,TCGA-UF-A7JJ,TCGA-UF-A7JK,TCGA-UF-A7JO,TCGA-UF-A7JS,TCGA-UF-A7JT,TCGA-UF-A7JV,TCGA-UP-A6WW,TCGA-WA-A7GZ,TCGA-WA-A7H4
Sig_1,0.014615953375857665,0.014903297828610473,0.07757321849087388,0.01449222159874971,0.059509672349701934,0.030189810328783807,8.108311315446895e-11,0.0016562489223022354,0.0454057090231583,0.01993121575998301,0.01914085553618496,0.026240704999044535,0.0,0.033461890207158826,0.0,0.042018065710006484,0.00984011381686261,0.03197229336620295,0.011302280091757173,0.04605329977605498,0.06146396002787398,0.008577961243742934,0.0,0.0,0.050384158002294815,1.327375950963434e-13,0.0,0.027559515651100777,0.0,0.0,0.0987288292085525,0.0,0.024697492959688153,0.02866392679814483,0.06137483454055477,0.0009481732474670918,0.08430656066289183,0.0,0.049964087394609065,1.5129350029957339e-05,0.019123274650913145,0.023761371737490034,0.029551393934496274,0.004828373086826709,0.037237221308559595,8.841681045164113e-07,0.03273887024363482,0.11895725821199155,0.03098170890260661,0.05356315392148098,0.038487394638852264,0.059140751832772204,0.039900053603881075,0.07298850458319896,0.03576923599037632,0.020490557374479832,3.4338396838405956e-08,0.01157589626475286,0.008527842276485982,0.0,1.5847907382643155e-06,0.04420838469624379,0.038365444599334296,0.04746806911216003,0.06480044478874458,0.034407066413053314,0.005613889101315514,0.03806281303099821,0.0952668090901544,0.0,0.0,0.0,0.053538113299240866,0.019112017204707087,0.0,0.014717530229186537,0.06231281888554136,0.05701768910093519,0.05834952953908901,0.012345661261792753,1.4444348268733979e-10,0.03797594297123337,0.02245013424024962,0.027628820587157304,0.0,0.010830493759706366,0.05205848617155369,0.06020913480121837,0.0,0.0816635739953125,0.04509918281490508,0.01642630442133783,0.025846296584628458,0.003547942420549314,0.024285392929877303,0.02413737405856296,0.006529771655616226,0.03417867847810735,0.05158762549175334,0.0320879878790774,0.05066752398343931,0.09594254318565207,0.012850259037342888,0.0,0.024569868071001266,0.06981024189989851,0.0,0.07000037852128395,0.016756434225766743,0.029278367328777612,0.03655089489647102,0.006866914358971465,0.04624729301035053,0.0017958981184495024,0.032704581779410845,0.020719512166966176,0.0,0.0,0.030008358451455993,0.03397406645560207,0.09377418735448409,0.07063026855942219,0.05848469047266483,0.027073837660481315,0.006682201167278134,0.06243857911091349,0.03107264106933496,0.03429327031680858,0.02363884637248893,0.05741601748706297,0.06882537062901803,0.044287565834442225,0.04642209936470188,0.0,0.05721068643686281,0.0014670516415895862,0.12355627167443164,0.01730976835347406,0.14283171233733968,1.3202434974104334e-08,8.186340121934293e-09,8.363241201956446e-05,0.0,0.03521870383339335,0.0382184839747609,0.027342007256492794,0.0,0.04773379374799183,0.009018642347144194,0.01538450428196514,0.11492045747215165,0.0548756391322107,0.07918518640288566,0.028677566708052445,0.03755105012018865,0.08167461904596991,0.0,0.02094671868177218,2.8184777855876336e-09,0.0014055017302707286,0.022575792510473987,0.08756587146336643,1.2167114619096228e-10,0.01096881710920836,5.936807210230656e-12,0.008476375489421789,0.025548960771474765,0.04470550532550655,0.0,0.07625708431881667,0.07407671381620619,0.04277143551723336,0.05521288733473693,0.06045874293308937,0.011319813358078114,0.028457487830593042,0.13905815436956512,0.01629403234209383,0.17543596529343963,0.04036735879315856,0.01447893258478426,0.031426586818731304,0.10205710178546995,0.014887009109585023,0.11221089989550811,0.03476770304575507,0.007676717507248837,0.10208381908933145,0.023192806787824434,0.013912100689264163,0.0,0.06519977197661157,0.04759612380480327,0.030927647450734036,0.03387811316937097,0.02132391070199546,0.0,0.02636483258130093,0.00890042316636989,0.0,0.01629214215458391,0.0,0.0,7.0733299364670335e-06,0.05237298871103176,0.0,0.036395998977022594,0.0142100527882711,0.059954679158614556,0.0,0.07133244827098502,0.0006630864520040449,0.04773340510720819,0.06037810287309607,0.010929780574430344,0.0010554187610099445,0.05043016781163701,0.021658559740405266,0.03374446406376848,0.0637829623109445,0.06355445862583949,0.040268858832307436,0.004535868439276983,0.0,4.000003295484411e-16,0.06033272456963169,1.3476292019722592e-12,0.014031255476738273,0.01886428489181768,0.06664116415350753,1.1438303850936615e-08,0.12071123118638064,0.020264826094130443,0.012489437734389965,2.3918341162958153e-16,0.047004259925615854,0.01541193046579092,0.07647761014513477,0.03295381161026623,0.0,0.009429124842466245,0.029267675428904478,0.026433559795893447,0.05943130418421822,0.039731194358235584,0.023498862874169777,0.0002485825742418026,0.02257481966149684,0.03143674246439378,0.04755190137868221,0.062197281066740044,0.0436502687232893,0.052852574745738574,0.03202786234152085,0.029206018498523865,0.03425935947983954,0.03000968294814138,0.018361526321892595,0.08044878362033951,0.047408870869351534,0.03273916130999792,0.03135894193030588,0.02692759004983321,0.07665722453310381,0.03827606529465661,0.05152381200903518,0.0,0.12748865092873887,7.577333070186599e-06,0.047693909195012124,0.030171923995534398,0.09962009789736659,0.005852834093741415,0.0,0.0,0.0011530809770799962,0.06820280170150325,0.021277224208774037,0.022360661909286678,0.05749208040084271,0.022061775315389536,0.08713135537359831,0.011522264865968624,0.03716152625205996,0.06010082622758222,0.0,0.023490571004294154,0.035095517721596504,0.009748288545760505,0.0,0.08249443392281833,0.046267750965834846,0.03540794096768176,0.0,0.04132339140016875,0.027432462486891424,4.892882397594924e-06,0.04244806979231282,0.06097868488163076,0.016265377788949636,0.024197777885163727,0.0407376985767744,0.1546742269590887,0.035910847405043606,0.030497711426155222,0.08603985005084745,0.0036788309042118886,0.0970674045065054,0.036232645994486674,0.03923936722573729,0.036612721991612356,0.0175258860734152,0.03214269239977788,0.02189138884975865,4.0056763087301454e-05,0.02267176505206236,0.0,0.07509687309308882,0.05253028858809209,0.03432671405710792,0.040258353156384444,0.0,0.023206494070046966,0.05175486137144713,0.0397736340378976,0.058836839480807035,0.08278181003426187,0.1537515251621846,0.00861956357595227,0.020103731144285923,0.0032340472406736584,0.02172391810317079,0.02704762890685603,0.020246756441216637,0.0621682564656997,0.0,0.13295280826814734,0.06452091057870325,0.0,0.03961958035606141,0.02664004875216645,0.0,0.03580258967335064,0.05182070784922035,0.011183935391572059,0.029492546372266053,6.516979464090523e-11,0.02501331596396103,0.0003560984690814137,0.0,0.0829591252733897,0.0577081421029999,0.0,2.3151173121944802e-06,0.03518235368548122,0.027159717413484864,0.0,0.04803615520222868,0.08589938321654644,0.02957883440162646,0.015105333195860986,1.4039571246499762e-14,3.146095875942461e-12,0.009907054942517585,0.030686116925643048,0.10496246894790204,0.028055487811097266,0.0004571339701967135,0.0005881130732915445,0.021179556791500912,0.0,0.026743653185926117,0.03422668446342235,0.08224556275762432,0.0,0.010442972062465392,2.860552398878574e-07,0.03604586345604604,0.0,0.05087581187095428,0.05780080100638728,1.4567167597523898e-06,0.09004625707285602,0.0,0.04297601285508348,2.3198702500774465e-05,0.030182758719093292,0.025915641427071662,0.035511404112145754,0.045583317323209464,0.04607438923561663,0.0237053384520047,4.668112585805921e-10,0.0,0.08442967666459911,0.039750940885256304,0.03686976073304273,0.002386166501874602,0.047706421449689354,0.0004472336425328852,0.015512049072229625,0.03646987941476303,0.08183732606278998,0.07070808615698317,0.1161653540182078,0.09480899436384953,0.0,0.052082570324909115,0.0,0.021143635172670715,0.03427740442357367,0.023566455032004514,0.053875626828024374,0.0,0.12285332511274222,0.029392432330914556,0.03164771957897174,3.4507224678182557e-10,0.047522215962560455,0.018129592505132113,0.0,0.0,0.02408515109881645,0.03243256232086123,0.0362315654278183,0.012526494481587328,0.11074225547195742,0.051881759075462476,5.335331909729305e-15,0.00908751027415711,0.030409720484597065,0.01347165129314519,0.04441820087796428,0.0,0.03152479985956633,0.07241495398438735,0.0,1.866660922652358e-13,0.08476141512370862,1.6966851345792352e-05,2.2624099109066764e-07,0.03936388840464569,0.018300070511270666,0.009892916029464287,0.0,0.03831521424680203,0.00945141116865835,0.07944486116273172,0.03298271763957852,0.04857558871984007,0.006851477247756329,0.028169352028292665,0.07016875986036783,8.783064940396755e-11,0.06158888818560481,0.02895332337103605,0.02056290402081727,3.352671528812522e-14,0.07896089683375039,8.915334103603653e-06,0.032413479926020144,0.02178745593582566,0.024271170919361856,0.02213847568109108,0.02708733775067369,0.0660058630723141,0.041972469411386375,0.02355311607437196,0.02944529267795589,0.08580631192987025,0.00038985257181810745,0.09981670642462111,0.021294720618177772,0.0,0.03112786447175279,0.03825680402605913,0.034573937574991845,0.038692366566761636,0.03113739724534986,0.026594125262380808,0.05120644570356097,0.014691855153178307,0.0,0.08397648169347043,0.06881390605951562,8.026704800756596e-15,0.03511488508807546,0.03395506270542721,0.01131463940951034,0.06740260928276698,0.0,0.08144818250072623,0.033900817846760405,1.0991872687415479e-10
Sig_2,0.09088640390067614,0.027406490088549586,0.0,0.007326927730134613,0.13111484709586985,0.007416959795197478,0.033828971722391556,0.0,0.18807530935912026,0.0,0.004892226378799502,0.021575486566134464,0.07525577897641628,0.16385462904922485,0.03636456785466145,0.07258079911223697,0.0221845794273827,0.032066445082155226,0.1018516022212737,0.013829113004402935,0.013758957349684955,0.027542639444425237,0.04691996690137317,0.0732817981444543,0.0,0.034634055285934814,0.014990805409030116,0.0,0.0,0.0,0.038203447326606244,0.0,0.025605305048777297,0.09950641780689722,0.04727541523149434,0.06526814810637027,0.0,0.1893402156869152,0.0734498749210788,0.03977668760854026,0.1961484599223123,0.05120681201377036,0.0,0.10637031656583676,0.0,0.16345618733182113,0.05703870078813058,0.0,0.0,0.0,0.012159169691158876,0.013367258440189508,0.0,0.0,0.005255897004389465,0.06375677929799053,0.06858291090794073,0.1017432813549889,0.05154165934736685,0.0,0.09875454730164256,0.09368757938512455,0.0,0.0,6.719615914200116e-06,0.00685948314220812,0.07265212330443536,0.035861307029980694,0.0,1.1831387466875409e-05,0.019773943119172795,0.0,0.0,1.5701924642535937e-13,0.07205976364919361,0.018293260766051082,0.03147319951934818,7.396168569606966e-10,0.025050990077943373,0.0,0.07894859510661158,0.0633895955830351,0.010483471147529243,0.12629461616295562,0.006459459732046526,0.15740167401715868,0.06934604400253584,0.09712845495999792,0.05611601974927721,0.06309078973389864,0.0,0.037271332972017124,0.007841020809535488,0.06808561858288387,0.03660460731781833,0.0,0.0055563385274855406,0.04102593057347911,2.4383548920897648e-05,0.08331703143480393,2.1412412351813145e-07,0.035117961100184336,0.03950754465294067,0.07157529136001249,0.0,0.036929002555867736,0.0,0.048008320420483704,0.023125909802905385,0.030901124386578927,0.002923418842294263,0.0,0.0,0.015887346135645974,0.004762241515920802,0.06426365021305519,0.0006210551763924866,0.1773905032048889,0.0,0.040677920357097934,0.07325255018516054,0.0,0.0,0.0,0.12863136165109737,0.1068639399321427,0.0,0.0,0.18149091882070328,0.012047410690406069,0.09110766012951474,0.09631544275620017,0.06991750928388724,0.060357637023023276,0.06935066449178563,0.13104316112634445,0.0,0.0,0.0,0.026398492208403602,0.007396010190816119,0.009001394284105778,0.0,0.12624260424713898,0.0,0.07575824070846437,0.16728644824003983,0.16005171876896332,0.005960712995433314,0.11138165790897626,0.0,0.0015920545219442308,0.026741950561640197,0.09538348066313701,0.009181116801353483,0.00551826442300551,0.0,0.014858474366634738,0.0749844874343249,0.0,0.1305389575634235,0.0,0.020404741647409484,1.8501275012573574e-12,0.04038535477326386,0.0,0.18692243292454322,0.035920319517257916,0.0749173870954352,0.0,0.004469572013463817,0.10107573612641703,0.17899333887929003,0.05329178776137617,0.1622759122350472,0.07464623006884248,0.0,0.0,0.0,0.0,0.01297172222167292,0.12191971936355286,0.005643820480526657,0.09681147536424724,0.0,0.022816555111463653,0.061116869002446346,0.0,0.08941967354388553,0.0516463228474071,0.04808319035465998,0.008068398055321065,0.017104023668818486,0.004643461199047058,0.06210291917625451,0.0,0.08910280148270332,0.17561008946402523,0.06505892816587674,0.0,0.04946729115802587,0.0,0.0,0.09828639815066507,0.07155553057072418,0.09835918397495631,0.015522571866425996,0.030749038799668126,0.005933566072297802,0.14815713884238227,0.0608709205939051,0.01174175818691214,0.0,3.4576291165911753e-15,0.05594057217550387,0.01269347468938059,0.0951770503905052,0.0048740692401279635,0.1394399751721999,0.0,0.09858988160628074,0.049097284414316524,0.07442215043920153,0.0,0.01836161045280386,0.0183952594498719,0.07170922614395221,0.011739292902866755,0.03442606142518505,4.681136525192401e-06,0.02141511138313026,0.014481003863946393,0.09026203007125967,0.03102288725586662,0.0,0.012136999497199137,0.10971773182702303,0.006749037303112504,0.03465243700040544,0.0,0.09998433970836684,0.0,0.13977270815187268,0.10166672331471456,0.0341356701031328,0.06956363071284132,0.019836706987497604,0.066498694434616,0.05866456941853937,0.042761627278511516,0.0,0.021763945900684912,0.010142790322799843,0.00744316641781614,0.009540959725069156,0.1785856552232666,0.0,0.13396206587544002,0.04782751930434048,0.03117958218749235,0.09393309022850677,0.014741502317971252,0.14899456078321635,0.0,0.014019029974752892,0.08450650153933666,0.04102501505327014,0.04274095942765101,0.05228656141268019,0.05830447479242306,0.013751883615267057,0.0,0.033440354696279005,0.0,0.031412845651174616,0.017011255092980262,0.029748953774812983,0.00014362295641424204,0.00901145483500051,0.015721583746791327,0.010082496071049314,0.033090174115291214,0.004394181971656382,0.00605857908346476,0.010673096739777345,0.05303566526577002,0.0,0.10729612023164833,0.030749095943870604,0.23717987198778948,0.027017449874484706,0.05609868109180376,0.10356282556716215,0.0865183188281221,0.038249650424806,0.014845737826095273,0.032583807802847864,0.041887113536545284,6.048665286496772e-14,0.057640216513809996,0.033995863178582914,0.18455004566789712,0.0,0.010119949305643722,0.0,0.08479064462469796,0.009052282699878943,0.011574719354970057,0.04052959429391131,0.04729170070304506,0.01386556616085684,0.05617877404868262,0.12405698101078341,0.16252909678477107,0.09371797354920139,0.0,0.0,0.060991978418241874,0.043824826614156966,8.28048534721975e-10,0.020592604531607574,0.027692175614810473,2.098934203176819e-11,0.007645708057486682,6.624090995828297e-16,0.07827324484054331,0.0,0.06036211945894589,0.0,0.0,0.08465692575983999,0.12200069688822474,7.160703723419688e-05,0.0,0.008457725685661227,0.00864962536608697,0.0,0.0,0.0,0.010990098730832069,0.19105017112482972,0.048825627335673354,0.14445484558568342,0.05078696712553786,0.07688342150253498,0.019258385657333565,0.03170453638784292,0.0,0.014036453758221401,0.0,0.023034801128426496,0.049252611107492544,0.0,0.028409600137434963,0.0,0.0,0.08047699081293255,0.0,0.0,0.040334075898884394,0.02060152068211146,0.04247275998053713,0.06418744791521123,0.13140160389043545,0.03934256007324131,0.015334249536007804,0.09380037446731845,0.014854803087747871,0.031095762654016618,0.030573722739973348,0.06130225089589219,0.084539792704855,0.01960943654080568,0.0,0.0,0.0,0.07550468967362306,0.03316463742726277,0.07622016079574774,0.012133638654292695,0.07590394505312614,0.027435782142162607,0.03298006943218064,0.005574998979513226,0.0,0.0,0.03061806958390355,0.021037996253096953,0.16625639624735464,0.0,0.0,0.17021500824516575,0.027204542583312785,1.9159266116084934e-10,0.0,0.0,0.009018087362331376,0.01143324607839797,0.13995382922962155,0.024678911980213904,0.11254435115440074,0.06954386069248622,0.07669489410609301,0.0,0.01829453440663497,0.0,0.06384149681798565,0.0,0.0,0.1503650803445081,0.01019726778308333,0.06686442963561949,0.1340905266301651,0.0,0.0,0.0,0.02287246718824572,0.02914142195325341,0.0,0.18112830705359131,0.0,0.08846698521371163,0.014944600593897168,0.005608395653833077,0.0,0.19182333808117186,0.0,0.0,0.04484064836230713,0.079087976032941,0.16250928240167434,0.033855874029744985,0.0,0.0133482438042115,0.18829625847678527,0.052399733118245376,0.016712597651680507,0.02955708380922449,0.04042404271628472,0.1513339271276312,0.09271655398846437,0.0717612239110816,0.11858086312983877,0.02901465173682048,0.0,0.10931078555854642,0.007214254041244832,0.0,0.07666446595480966,0.045055638153860905,0.10265850899837921,0.0,8.806442610891419e-14,0.0,0.1109805977309126,0.009696608072527918,0.0,0.02903674389644375,0.01918104410639718,0.036207148478513695,0.07175316341225042,0.006859461754189566,0.05385766254147511,0.12734988565843466,0.14329081418143622,0.019402851611479626,0.0,0.18318935971238157,0.1394756783261864,0.03653897129197408,0.03961097556740217,0.0855515836867056,0.18242529614623165,0.0,0.0036022967061410762,0.0011394337031430846,0.01724997043215199,0.010206361071366955,0.009810811376381786,0.054668243409256245,0.08372115032556643,0.0,0.0,0.004530970720364488,8.705051213829271e-07,0.0,0.0,0.060855740399007346,0.042347508069926286,0.10706853950571443,0.10797575770406993,0.0,0.07074699907228375,0.040404098804291314
Sig_3,0.05341178742406382,0.027699431464416436,0.038108483579299114,0.008338015935179322,0.0032338866201179683,0.005191521607691377,0.048270613437486454,0.0,0.0,0.040417643988131954,0.023583380257590367,0.028132698376219498,0.0,0.0,0.0,0.02696426477823941,0.022455067735817402,0.034733320855171106,0.0,0.014828588583654594,0.0,0.010828987894676935,0.0495647365643,0.06678519229200594,0.0,0.012711470507055497,0.03140600387898419,0.0048732555133506935,0.0,0.10459782625599917,0.040794966876501124,0.05567726173822725,0.001592134823677584,0.0,0.0,0.012119105337709742,0.2777735412587657,0.0,0.008938973592375379,0.0,0.004292973039952639,0.0,0.009486652752275579,0.0,0.09808591268343547,0.008720949822854185,0.005545259282289647,0.0,0.0,0.054593730471402604,0.0,0.0,0.017646677595997293,0.04235899287588928,0.003312895793188834,0.0,0.036831915444507396,0.01618351525468354,0.020529071460653234,0.0,0.0068834041444553375,0.0,0.05030601398236058,0.0,0.0,0.020950123988640545,0.038603746671264226,0.03774508011928644,0.04419843455642486,0.032019660234063364,0.013792075913082083,0.0,0.017333001452507792,0.0033306643362111714,0.00770845623472206,0.015895020204838576,0.046493152503438835,4.858372244815739e-08,0.07655289675596415,0.0508189539425875,0.006611391647203756,0.0062136058421900795,0.016600112212906967,0.007696476691533941,0.014969950144178991,0.013358927102373304,0.01272339801183368,0.0,0.017380420683472154,0.019607095844008975,0.022420810447973553,0.0,0.00747109541282512,0.0,0.0,0.006979023325910897,0.0,0.051625818510804763,0.0,0.004265614168923458,0.002913151811075132,0.0,0.019686505495180303,0.01675963271079692,0.002583581342338598,0.021731544696895637,0.0,0.008729479458341195,0.05172883043533441,0.0,0.0099466596968746,0.012459222373652204,0.0,0.0,0.0,0.01720209809994194,0.0,0.0,0.008351984869050078,0.01845118557512905,0.0,0.0,0.01657014492443466,7.374139313866505e-12,0.014093537539606682,0.0071679036124281175,0.016342179135868138,0.0,0.0,0.0,0.003959681073712443,0.012430087121569688,0.016767262410245273,0.052923755450418025,0.0,0.006195303884493013,0.025822965364714644,0.0,0.0,0.010693986802768231,0.0,0.0167045104478193,0.0,0.0023099396197237172,0.0,0.0,0.014272864765419184,0.0,0.008758315898863105,0.012728445493464597,0.01336018657388396,0.0,0.0,0.015285058464927118,0.0,0.0,0.5289339864846742,0.0,0.012241120591618627,0.06257407783330063,0.007127351023808363,0.017055571816639314,0.0,0.01570706637637697,0.0,0.024066945336638668,0.005244272171844632,0.0,0.015121361935548427,0.020220127291902073,0.0,0.03154086681476467,0.0,0.0,1.1237581657542174e-12,0.009024079784638619,0.0,0.0747772622176988,0.0,0.0,0.016196803308884136,0.008779531061383287,0.019766919785611996,0.030291113645785715,0.018380686119397045,0.002552244169224724,0.008569002025291749,0.010578792854626142,0.0,0.0039061600418597874,0.0,0.04066450127145748,0.01326501227451494,0.019643402120627568,0.0,0.0,0.0,0.0,0.003356302209161406,0.01832530799692928,0.031511022755717724,0.0,0.0,0.00013960365679523305,0.009565105954891722,0.0,0.0,0.009583211901262335,0.009705246068526878,0.0,0.019047896344342334,0.0,0.004776951925665473,0.04281308858465473,0.051452762148136974,0.0,0.012134562679811719,0.0,0.002794656234731436,0.0,0.006643833379001395,0.0,0.009044922473685563,0.0,0.012001173782706693,0.0,0.0,0.004706302444852432,0.029099465769988203,0.0,0.013212678965345432,0.0,0.0,0.08760928115087743,0.030625929050705814,0.007768649182939823,0.013592823786067352,0.0,0.007121846584097724,0.0,0.008343599481217007,0.02034804050469622,0.0,0.0,0.018086908787158615,0.007175115785461159,0.08086227972891055,0.016770878263250612,0.05681999197017448,0.0,0.011034135947620304,0.0,0.0,0.0,0.024714741754329528,0.0012152134256231727,0.015617817458929562,0.01077673047632354,0.0,0.0,0.013770195278564728,0.020379623497609096,0.0037825929236505592,0.0,0.01643426216853092,0.0,0.0918977018247285,0.02314461963106566,0.018054196782941907,0.007995089375089942,0.04759231247487823,0.007825489614336857,0.060150100040462326,0.0,0.0,0.007597684103701078,0.008627690544250674,0.005676820542049064,0.0,0.0,0.016524351393877316,0.006134931156092654,0.0,0.0,0.0,0.0,0.0,0.0,0.03869809871551594,0.0,0.0,0.0,0.017696874486336743,0.0,0.0,0.027637782167484762,0.018820465429902875,0.011182239267525484,0.008622166287085582,0.0,0.0172753404710149,0.0,0.0,0.01089935283683433,0.0036670030361074793,0.005177410489256063,0.0,0.01369227308233282,0.005793142209919313,0.0,0.00861105693342222,0.016774836904327944,0.008043933478395236,0.003075217803407506,0.0056149826320290985,0.0,0.10578735840829002,0.0134503638592614,0.0,0.0,0.03289781407939081,0.04506531155009341,0.004422196389034753,0.018540155437152712,0.006161522222523816,0.012893264954504267,0.0,0.0,0.0,0.0,0.021040163548208358,0.0,0.0712318790388728,0.0,0.0,0.00843558004076262,0.0,0.030069341980636717,0.0,0.003835757143102491,0.003436313270115187,0.03300581316085127,0.012975856639389147,0.022665345870172614,0.0044976746184252495,0.0,0.015635083699713434,0.0,0.0,0.0,0.011843061201365296,0.0,0.0,0.033918710774052445,0.04238527352666089,0.038467610127855836,0.006926741290594408,0.004683695084650362,0.11780651535050247,0.010249842048619432,0.0,0.01522631859472839,0.025518723345599185,0.01610074524679772,0.009566972081369396,0.0,0.04102483481676828,0.0025689003825257206,0.03920199700793598,0.0,0.030975969514510496,0.0172564500042668,0.014674796933052441,0.02947420939871218,0.0,0.009147317376814288,0.04469605574491499,0.020164310178144795,0.0,0.020196849004129366,0.0,0.010063958095432087,0.0,0.0720015807618519,0.03841132538375212,0.060795918649760805,0.024685801857772208,0.0,0.0027252797931192497,0.0,0.0,0.0,0.0,0.03881021414075791,0.014692610735758867,0.03678435444008885,0.06727656264167703,0.034907030175028976,0.0,0.0,0.024195457585817374,0.006942867733072055,0.0,0.0,0.0,0.0,0.02532198425635798,0.0,0.038779827087761856,0.0,0.019557350776700212,0.04215617921221711,0.0,0.016709532722791718,0.0,0.008390034613783653,0.08054018531144476,0.0,0.0,0.0,0.08533175121446071,0.12409103725627604,0.012685568247420108,0.0,0.01634745920237207,0.0,0.002659515938114003,0.0,0.0,0.014431905559668825,0.0,0.020947425244805473,0.0,0.0,0.006628983833134459,0.0,0.04473314945181945,0.0,0.0,0.0,0.008401241983760127,0.004955555803697854,0.015134214668310109,0.027027189044161768,0.0,0.0,0.0,0.0,0.0,0.0,0.0415902775262954,0.0,0.0,0.008843757856091417,0.0,0.011994786269179936,0.008140803078012878,0.03721078360452277,0.01932473066795713,0.024261513348021,0.03703371008229613,0.0,0.008535518474061553,0.005376696379594866,0.0,0.032548869424702476,0.0,0.0,0.009932033643228127,0.02548002302334758,0.0,0.0,0.0,0.043201766732302575,0.0,0.04397901787605286,0.008967073340978285,0.004752720660851086,0.0162072067974963,0.008463883963367044,0.00900075322927068,0.05458348829377401,0.056241722282351504,0.016208024637247836,0.03530383139225933,0.0,0.013865175647170819,0.01511433917473277,0.008429434572672232,0.0,0.0,0.0,0.04037737715371588,0.0
Sig_4,2.903942650928443e-15,0.019283169885663896,0.036916524792894416,0.030008769338282087,0.01857001731616654,0.0,0.05221643869876334,0.007440005532201371,0.0012934329260532763,0.014609826992009661,0.03306588151226783,0.0403171030703721,0.14621547101157523,0.0031033885614656096,0.0,0.025571598491630133,0.0005484284382978518,0.030501446289469984,0.037943021336556644,0.06667086202667588,0.0,0.01395053146317157,0.011164721071827907,0.011840746224508961,0.07480096683744744,0.0,0.01495915747940981,0.020525293563358186,0.0,0.0,0.0386407913223977,0.0,0.003843357532912111,0.014932164736966963,0.04002733667673537,0.014106741478778268,0.0,0.0,0.00864925188848295,0.0,0.00034374705283851675,0.0,1.7121347003534107e-14,0.0,0.0,0.006295084226472458,0.0023895100767475867,0.0,0.0,0.0,0.0,0.013442724024313662,0.0,0.0,0.024328381723716486,0.012999966102662025,0.0035962390848807975,0.006168886872524985,0.022690395307480474,0.0,0.0,0.0,0.013237184427559525,0.0,0.03329132692311747,0.011976229084918664,0.012319271459267067,1.7662523261696009e-12,0.0,0.012857095914578395,0.01768438212053599,0.0,0.0,0.005760431457412573,0.02671167111160741,0.0015877628600676618,0.0,0.04305981365532301,0.0,0.0,0.00694006291512643,0.005080813254552857,0.0,0.03700423220849152,0.0,0.0,0.03420424796188292,0.02481393425323079,0.04144439955900357,3.9419982397200065e-15,0.0,0.0,0.0010246879224392119,0.0,0.05925763144874711,0.0,0.0,0.012728786976486897,0.015862582101785937,2.0864300856616e-07,0.011704258155306652,0.0033642732616225982,0.0,8.171731940119837e-11,0.0,0.03734532664436613,0.0,0.011343322888405002,0.03385047577750432,0.0,0.017111814011716703,0.008855946639645632,0.02294009039860556,0.005616695677346238,0.017662378180553523,0.0,0.07403886152208332,0.0062691271835379914,0.019409765721300785,0.0048441530424669435,0.0,0.011988768197237949,0.021931296268378902,0.03369057772769388,0.033898577816555295,0.01205405740318607,0.0,0.0,1.205614218724606e-05,0.011876696538368623,0.0037809937737284644,1.1461777172346166e-10,0.0,0.016346716757756806,0.012556156735454627,0.0,0.0,0.05590478167975496,0.0,0.04559851497256304,0.0,0.0,0.0,0.020128632792628134,0.0,1.0410494392898814e-08,0.0,0.007445370509586091,0.0,0.0,0.0,0.058309958873570315,0.020218561121503376,0.05150295476641568,0.0,0.016086671645272516,0.0,0.04002538520951292,0.009697843576913778,0.0,0.023187052903138734,0.0,0.0,0.027504943185214004,0.009306976999929517,0.012538907239101584,0.008547927646842826,2.971436960280418e-08,0.05398194104542206,0.06664772191085751,0.028764146113849202,0.030494995610663687,0.0,0.023923699418520294,0.0,0.009351649756763327,0.0,0.02310446052961548,0.0,0.3040436917915102,0.004594284149704686,0.021932703334774525,0.001582463675485523,0.043861711019173875,0.035225320566415357,2.3120739919572745e-08,0.016327618060972215,0.0,0.02785012569952249,2.7142699049305895e-06,0.057667084732017634,0.008357883235049964,0.022487247771827125,0.0031573712766176697,0.0,0.022666338804263077,0.01648370543306287,0.0,0.029076538057083982,0.004079776465560379,2.4901676849795517e-06,0.5157824588019139,0.0,0.013096374215661948,0.0,0.0,0.0013311354549873271,0.003691300102082185,0.017219808206324388,0.008932805928493803,0.03552384476403285,0.012972040169304817,0.01683346770662487,0.048896054731703616,0.005076359939959777,0.0,0.005414703496678938,0.0,0.0,4.591739384214695e-13,0.0,0.052822227979886414,0.0317371106215871,0.0,0.07266973757727382,0.0,0.026383033076755383,0.02429596920015844,0.029501050934401713,0.04640905909420912,0.05861286586450072,0.03348852231094293,0.027617660894778153,0.046635210515846785,0.013579635080145768,0.020612911053489176,0.014260347316335015,0.01828764278201429,0.0,0.0,0.016701541068936905,0.010447138226243066,6.37374885892377e-06,0.0,0.00018864603334930443,0.007772045773749229,0.0,0.0,0.016686781899078955,0.022797155684905437,0.06644635671375773,0.026707817287239654,0.03984919823552193,0.00616758656109641,0.040999202730901615,0.008225169635650013,0.0,0.0,0.0,0.06878537984995073,0.003945154893839401,0.04219308576493217,0.0,0.0,0.022012356692774432,0.00022304476445910131,0.08070927244991026,0.0,0.0492505948260312,0.007199743545921922,0.0032864781880405955,0.0,0.017316952730455665,0.0,0.0,0.0017360054863808075,5.281228039481984e-15,0.028773983111317788,0.0,0.008229537182215821,0.0018788639989406716,0.012776742217432493,0.0,0.010432017664311862,0.0,0.02155562716792283,0.0058154946198659295,0.0,0.0021402999648521613,0.0,0.0,4.581874734317053e-10,0.02022865618975823,0.019125400720938365,0.0,0.0524377519084534,0.06492973950437943,0.021605478075081886,0.0,0.018928880898379727,0.029513232216049998,0.0,0.0,0.005109895266106745,0.029374390446531635,4.879277416409078e-07,0.0416119097986911,0.01946934123773276,0.015581002589827154,9.86988897620767e-07,0.01087951281133991,0.011465594830787984,0.0,0.016765321987368558,0.04402533545061024,0.006624700080903829,0.0,0.017810923292157093,0.0,0.010430236822939481,0.0487727001777036,0.020032324770642478,0.015847939713678337,0.0,0.018379576674226027,0.0,0.0,0.0,0.0,0.0,1.591062925889853e-05,0.0066784445074578825,0.00721142199769044,0.0,0.03214084600823259,0.0,0.004644347951407593,0.0,0.0,0.014343524059876437,0.01025329284612687,0.0,0.0,0.025199847042792448,0.028731072455945805,0.04056591168881437,0.0,0.021212297630151377,0.06390161666218881,0.0,0.030975075795561156,2.614631489760023e-08,0.0,0.018187467737151006,0.02317308679820704,0.020827545381310375,0.01222613054147361,0.0,0.0,0.05329422002398482,0.0,0.006892237952054356,0.0,3.4238168430618594e-07,0.011921864520814385,0.0,0.020964507763411536,0.0030765487159197438,0.0,0.0,0.0,0.028688521106335726,0.0,0.0,0.0,0.006797674553071549,0.023884718458069838,0.029688689986875263,0.022422443798772076,0.01679366127416871,0.03244617418965958,0.0,0.0,0.0221851257429325,0.0,0.0,0.0,0.01287280989067839,0.0,0.0,0.010335412303829936,0.039067079821649225,0.0,0.038735216072436886,0.0,0.026142635783199794,0.0,0.013383891856592747,0.0,0.0,0.01239111185487686,0.028681938998549702,0.0,0.0,0.028043648048810117,0.024177113620630353,0.0,0.05247070377480075,0.0,0.005793275410959397,0.012559785493025511,0.03567337887621664,0.0069877529761235395,0.0,0.0,5.392921893211671e-09,0.0,0.025326256940536716,0.01429851312550297,0.0,0.09231394825801387,0.0610131363993741,0.025154742715865153,0.004144078358521138,0.005608408893445267,0.0,0.02834804650021462,0.018453031979435833,0.0,0.06641420012670504,0.0008561775376317177,0.0,0.011475301021431102,0.0,0.0,0.004546137862421793,0.024798501155370002,0.0,0.017604704475681562,0.0,0.022480829924652952,0.013489093580514231,0.01844520189588031,0.04908916607744029,0.0,0.004048793396982421,0.0,0.0,0.0,0.0,0.007251261681200776,0.0,0.01795156710141325,0.004083668426174274,0.02522738334995907,0.023070233079824008,0.0092940515045293,0.0,0.03205476130987658,0.010313870328623319,0.0,0.06866181620660328,0.019761884027285615,0.02415890512054516,1.8262957593039886e-05,0.0,0.0,0.0022462537326063425,0.011371701717813909,0.026173396854318007,0.0,0.0,3.287477466734766e-09,0.046363787488117404,0.0,0.0534321002785235,0.022430002396755216,0.011540206978847941,0.0,0.02814546761974912,0.033740052372786045,0.03769926644426716,0.008990384973029395,0.0,0.007873928042361906,0.0,0.0,0.04688863198717466,0.011133027410966617,0.01603919971002524,0.024093388796479417,0.018883413159656436,0.03885169701455691,0.003826445223158256
Sig_5,0.019721885936523884,0.02362686866090758,0.0135469472166913,0.0,0.0026310102678052125,0.0,0.014410699139213137,0.054894739074758545,0.004531011333227337,0.037965356772698966,0.007828753850187869,0.007386683151555703,0.04028587369755988,0.0,0.03452413519023853,0.00835784141887102,0.008809996826787844,0.0,0.0232215905945174,0.020119974198115013,0.05590463380482994,0.047603505437227446,0.03031294176013028,0.0,0.0504600068111959,0.010524825221218372,0.03666964918170169,0.00879514113534203,0.038535400113676024,0.031884351393924294,0.009503810998471394,0.06700441468277994,0.027752728452285692,0.02711969532016263,0.012537277289704945,0.023286896414381007,0.0,0.012186022033006293,0.030409089473727245,0.036347472204420986,0.004863379656065635,0.03635919948918223,0.014167523940621776,0.01980722595751043,0.03340543377147096,0.0030381400570944506,0.006536264060401149,0.022576061913855864,0.062859524707037,0.0,0.05315614331979465,0.04267416598092927,0.029704203367893093,0.03400469633438055,0.015378733778102218,0.008972072119907692,0.03305460496967499,0.010935905583945202,0.03890790289578313,0.3851807083450902,0.025754847656480152,0.033777910916046684,0.03805504922153048,0.056419330238406416,0.02136492496186602,0.015296762101994876,0.006099062480327398,0.06379095847648687,0.04339706009407867,0.017584925181849863,0.006298084723978072,0.04242727572804903,0.01658039963018944,0.015185393791359634,0.017291837774626163,0.0,0.0,0.0077277169548750895,0.011681896618682162,0.0349304404891635,0.021682317524109603,0.05184880705812225,0.01701548905331376,0.013032628994054374,0.02914607170416345,0.01478691588348635,0.004106072423158081,0.01970992223558348,0.040014180981641,0.03574743668764301,0.020554488118563773,0.01923101533191149,0.011582443065445766,0.026125832161397383,0.022197456975527635,0.019999355467721906,0.008433296712452748,0.019571821699090983,0.02331154026339527,0.0,0.009739344743521807,0.010739808532626365,0.010944242321818417,0.032558043520870904,0.0,0.0353745513743663,0.013474638509538044,0.05623878991645729,0.0066353795567178275,0.064454903535579,0.01201199329593535,0.009101576464248622,0.038674211964261816,0.013398277426598269,0.0055001321295373795,0.01518122138005435,0.010348977029559971,0.008122959524231836,0.01881116265820821,0.023323124198619354,0.017293399277339593,0.040199673962607395,0.06451872884688202,0.015969023353755635,0.013649961611062066,0.013978700588298231,0.0,0.022802165788513767,0.00849410725690829,0.012519276898011794,0.020848567846207085,0.03222592431849927,0.019524009294132227,0.04266643899372183,0.02542980252410861,0.016501394257309503,0.03613224421316419,0.04623541421454575,0.017231235552451426,0.020760460483109148,0.04480983248952042,0.0,0.0,0.005097419897405284,0.008083435770815614,0.023422467862150926,0.004839076849400246,0.0036866980538285306,0.01126435984093277,0.016662512174206005,0.00664696282184736,0.02281214789236289,0.0,0.024072417774053105,0.009286813747293184,0.025446829705160275,0.0,0.036591545670676406,0.021886066366131742,0.03855112288182883,0.009159513399458372,0.04577891505861313,0.03742463359814767,0.00768426823316505,0.01263699007874197,0.04096586881928851,0.0020164494473312268,0.03377762891467824,0.009843499204210373,0.0,0.012062160559981902,0.038599474933097976,0.005540812736396059,0.017778428042918695,0.01914982186465838,0.03712937549007234,0.057788416161226396,0.02453452200925047,0.015103759521279037,0.0,0.00820858542447051,0.019318131243096396,0.0073611599050943935,0.01688602961383738,0.0,0.015203496267175303,0.009192908323468444,0.05168675777324761,0.025778174229751025,0.017018777660345465,0.022254516828237602,0.047467886353977154,0.04792785062100833,0.0640184300803714,0.037842532235683485,0.020109165380981273,0.013128949723712254,0.008485063955676258,0.00915543413115928,0.030274864878540395,0.0042947591367358704,0.0,0.0,0.017525591127948076,0.02616310011604867,0.01611209539853286,0.01580381561458408,0.0,0.025809386110663003,0.011463931307135019,0.012354944289333699,0.021246827293302566,0.0312365242108852,0.005124921782763141,0.011505951859068223,0.007782937940414723,0.007113600574717425,0.01354560267689393,0.03803777917380328,0.022691086396815874,0.030727651124132765,0.0,0.06100142477749784,0.07048724502073352,0.051197595990410946,0.022166637040337573,0.03833912524894619,0.011148721230939159,0.03796574914887832,0.03429032257905166,0.05303840435210687,0.03643203618122794,0.008069711277592359,0.0,0.025645077727377737,0.019557871861473303,0.01274630147402162,0.03293971213807137,0.07924863147985663,0.019930983702872218,0.02633698624021476,0.016140893912950417,0.01904057793660625,0.058376403342594675,0.026228970073203236,0.0073590427099408115,0.020754809986942447,0.023880963121324678,0.0430697626292053,0.0512052680266618,0.014081587273816205,0.03301047139867698,0.014656162070497945,0.017845729579228874,0.017654529921895555,0.013264446322540006,0.02868440735267822,0.0095599214676521,0.039774011923265316,0.008913207674189074,0.02885904637496119,0.04525578485144092,0.016166339316055187,0.0,0.006388366784140502,0.006425830607579111,0.020176476953536387,0.029270296142466058,0.014492443541312936,0.008032834279572385,0.03442518602084593,0.01877234298991066,0.019665419459937477,0.027236095168663346,0.05939489105470697,0.012595071718065865,0.03421428187429784,0.013406745437693216,0.02052824117055469,0.0,0.02804804904876525,0.03566774823709573,0.023633862002281077,0.0,0.01271405999014073,0.024412860481152935,0.023546366605807886,0.019375683829279677,0.01778265644147095,0.0,0.0,0.02440269182563287,0.008504187571126084,0.010510303326308305,0.036819204459412724,0.0,0.025725376363493233,0.027507270624530396,0.0,0.03813945206446055,0.05446697932352302,0.005992808721669768,0.03323062540993084,0.05081405390831746,0.00470135000401494,0.0,0.03579480497311019,6.318881147496983e-12,0.02197209381745282,0.03611776492128414,0.010059868804832759,0.013631282282655234,0.019624020287941024,0.0103261851805644,0.03406282178359298,0.08992403060268166,0.2546171148203458,0.016998266307723716,0.0077165339915430025,0.007631568681458597,0.02269646775891265,0.0,0.0,0.01959547012890806,0.0,0.027768959547918685,0.0,0.0812172159553678,0.014693510833818162,0.07396183779657081,0.012312595323387066,0.012699892811105467,0.0,0.06543095364603202,0.026252133280039714,0.013325508613317483,0.008051198633920686,0.010426581261628735,0.0,0.0313295475433896,0.002540966233436971,0.011424194646445812,0.015155345000169384,0.016684516826417695,0.016093824745473072,0.044412584281288726,0.03332164477783537,0.0,0.03345233627442244,0.0,0.014281867205209336,0.0333210317599701,0.0,0.035520726052189096,0.004404621011773262,0.03510385485956434,0.0,0.011562356378125097,0.029202038867214664,0.060365594708068876,0.013250164224915376,0.03374244745758354,0.0,0.026693167855044164,0.0075395948701523505,0.0,0.023104822435344195,0.010376434812870303,0.050809853259232714,0.028490343553055682,0.020505312787627083,0.0,0.0258384265635942,0.11647326763855669,0.15254035400100024,0.0118534771663101,0.047637962892610373,0.03232635582462499,0.022390900370597853,0.0,0.0,0.017831849534642955,0.01515239326993334,0.05538231478571891,0.06753546284297512,0.05322454767293904,0.013311739479909069,0.03553126138273212,0.027075055235420847,0.12756456679941253,0.011807558968967449,0.017669989738623607,0.02917473440733617,0.0,0.031993333538293395,0.015860824858042057,0.0,0.04851324629348033,0.01244525083444891,0.013738303037071803,0.027762468071536206,0.020128670477682485,0.01721325955244521,0.037621696705831535,0.024569990882938837,0.03869016698896648,0.08146571576794602,0.05824958205852123,0.0,0.026864266187488217,0.02885900055531845,0.043366672982280405,0.01052681819076176,0.0,0.0342780915788493,0.02568111762785598,0.0,0.010289775553278967,0.04732221900203393,0.009640458912350158,0.0,0.01841153956210974,0.014564129117258772,0.038382604372454415,0.055406772667314974,0.002948180514458053,0.04136797961053885,0.019202020605436135,0.14744895039471576,0.004875815634009665,0.007875116809593512,0.025334729315207347,0.09612782138848186,0.05408108393623096,0.012999249892718551,0.0,0.03724594377323882,0.06440575693001464,0.013311123278934555,0.018760737624202054,0.016949319882160207,0.036327304354919765,0.024940298551814268,0.043838250658154845,0.029656276741392082,0.04001561768192788,0.04546941313121937,0.046510639736657144,0.0405083542833121,0.02790203161420223,0.007052527515655099,0.08041819515210466,0.06653793534328716,0.03225466058581672,0.006754399419029751,0.01729384688288538,0.006897411679850188,0.01906334308255244,0.0014452985940696847,0.0276892210088187,0.029023991472530195,0.020457069991649087,0.010487390896900177,0.030198393225945294,0.010099178777449655,0.038158848531666484,0.05643503792830246,0.018392933885843128,0.011881989002966125,0.040334074907634736,0.0809374767532876,0.020071570134535862,0.005241061021380763,0.02820321341669519,0.04078973896781062,0.005619896985545341,0.018190086760228565,0.017207815076265762,0.023220160759645343,0.01459352458451145,0.0,0.020810715222949458,0.04449857880655821,0.0,0.0,0.0,0.04984828492329459,0.03596859853540753,0.04335930586711385,0.025415044325494074,0.0,0.013981956844260228,0.02641295681433916,0.03518767940644182
Sig_6,0.0,0.0317088536941917,0.012251110637841784,0.010659845241668282,0.0,0.006319209881719492,0.006082710511520788,0.008151638785473,0.003112537544608527,0.010560706590272643,0.0,0.023330130443655492,0.021011544865079026,0.007663601924686103,0.04663657919086547,0.002709705774621271,0.0043621151561720585,0.0,0.016227533014579108,0.020038327311404064,0.024893236470675057,0.004202804685541897,0.020982295985005048,0.0045029889439980484,0.007892633243635422,0.02099765922898727,0.008091359399711557,0.009352562860162955,0.0,0.03168781980458146,0.018576911700937275,0.04686492911424353,0.007242766680309211,0.01551245229339281,0.004447089257231107,0.01622726543286963,0.0,0.03238292307454147,0.04118292466812526,0.005427881709643173,0.009217900972566593,0.041159933145027944,0.0158282073398446,0.00491259311248524,0.007185666350510662,0.010881167921120762,0.005879634557571785,0.021395237692267578,0.034862880876955105,0.0,0.026094881265582615,0.012286640567938356,0.01024216662611713,0.007999878122873633,0.005485425207500821,0.005915938099881181,0.02007275439700761,0.013717395029522201,0.01518776706210749,0.041090171841097076,0.01606029840830916,0.013849735434499884,0.04451989027420305,0.0,0.01564920703703009,0.009288118598838097,0.035897088446139924,0.01097220606232706,0.0484543507480008,0.03420843991393498,0.01163859631725623,0.0,0.026562379499462527,0.007178935295189975,0.01780331375216413,0.008302181150433663,0.023624222099539544,0.01830581603374634,0.04444690332593984,0.017777322367940274,0.020455497519757695,0.014842766352846969,0.014232013022013745,0.009433121246241407,0.003967939307575684,0.005950937382748824,0.02298178723612013,0.010419051873983263,0.0,0.0,0.02269159366625166,0.02782962953295557,0.0012438215820983576,0.016686975105140993,0.005555981980744753,0.02371881110188564,0.021375970594030833,0.012093164407241529,0.009681975224172561,0.013849529782782375,0.0,0.0853064784156089,0.015120991261077674,0.03846624125775235,0.0036814488995378283,0.006502018395189227,0.08583267986819569,0.013528919837117211,0.018769260051853483,0.013505287723599343,0.015521088082282525,0.006141446218974595,0.053132305517772274,0.011662738611959886,0.03550483369370301,0.06525735571669951,0.0,0.0,0.008810359064683483,0.016628102786196614,0.01230660391787507,0.006368701814041943,0.026119475731967066,0.009949915406248115,0.007164530250709385,0.009608695357621662,0.059782548862202994,0.023816865156055873,0.018190921430383623,0.049661469270093773,0.015507574383557722,0.02799977289537816,0.011782091166716614,0.012613776113010074,0.017591190863358773,0.007520314461050763,0.036041038955033605,0.018446418308305422,0.0,0.025830379344575365,0.16819420539987656,0.012177601238879869,0.02436444482687474,0.0,0.011726446683582279,0.017377225613693786,0.035401614812454844,0.003256192415578157,0.0207956915194825,0.015129945345916157,0.02310271098639794,0.019994725718498908,0.02179587558592946,0.015350013010868503,0.09124222038963148,0.048901233394150895,0.0,0.007936979329834094,0.052521067294678335,0.006520692269295279,0.0014972846073654058,0.0,0.0,0.02453757256938983,0.05946538327111147,0.04960062079557044,0.0021649234497143925,0.008611599575527231,0.009406590287173484,0.0,0.01796206322040552,0.011492670806868603,0.004518074467283491,0.015311871496992056,0.0018111608889741107,0.03245890931193147,0.05823469830273931,0.0,0.0,0.015786154393505773,0.008655842186840497,0.01232247519201503,0.015947608793014267,0.008560934801078678,0.026326541646593052,0.017666994508816897,0.013740728672903513,0.02585049374801149,0.023078700176560878,0.01245324789466718,0.0,0.03396715372064013,0.03732429465489783,0.014795736637782091,0.0,0.04531089155150959,0.0,0.003984590969278887,0.008157975573628117,0.024685650333819722,0.00930055589481077,0.0,0.055626445453487904,0.019001616306341746,0.009115879853588202,0.0,0.005839753910565026,0.022497802365611518,0.02668954272222557,0.017698784811667825,0.024754126610798007,0.0102842992134543,0.019009803611396828,0.016412856764936472,0.03144692319513965,0.0,0.008455123688764114,0.018652167455873184,0.008394866570792948,0.07875554015573646,0.0020369574446651743,0.02854882114532517,0.03795886631391846,0.0,0.04242206279644474,0.0,0.022037013153183238,0.010046442496126316,0.028318135127352755,0.042746155351076516,0.03971597727585479,0.029060270242929283,0.00868993469154755,0.013289470086171882,0.026459839790515815,0.0,0.014740506391217361,0.03178928630191697,0.01455144914868162,0.0,0.012575715510029882,0.01957235406251263,0.0019096947034455529,0.0,0.01433135641729067,0.029561693650123868,0.0,0.002667032010259763,0.01563912606564683,0.01892504594185424,0.01194844236686868,0.023745280428172415,0.016453550622625126,0.02203319621140642,0.0,0.003333543341048711,0.005276260868046568,0.006975089253355342,0.0,0.017227761032859126,0.013567898293218649,0.018677909572647516,0.00679359494028946,0.0,0.022783979419238695,0.017069422710183822,0.0,0.03552417375684369,0.025984892235116304,0.02957731511455887,0.006867828913634376,0.05793862162455915,0.013341480231123314,0.033376039816259896,0.012461997266542462,0.013902643133322685,0.043787107569187106,0.007393996070594971,0.007146455013516277,0.01250918801537166,0.0195670470714336,0.020196161466795023,0.019149969875768297,0.005298527464153722,0.015068589502926184,0.003463887487259757,0.016241176517832495,0.0,0.021695098997807197,0.0,0.012729666661194709,0.03274041930550722,0.008937950934272387,0.011731637043550087,0.013946264786394104,0.01163132849867429,0.014510632360845476,0.0,0.01918238025748324,0.013401185535808529,0.014036973386143327,0.002189293204606787,0.021269949715603344,0.012147268239426115,0.030400036074100523,0.02244977572640996,0.01898185286048616,0.016813728289357868,0.004289955226196844,0.024188729565812018,0.003510787158602089,0.016399146690713,0.03722147081748722,0.0026880737404641024,0.015270741230053538,0.0,0.0,0.0,0.020161635378297658,0.007163833703609895,0.0,0.024268548394477125,0.00712627273511941,0.02945959890915409,0.007736044896310434,0.01830939677433391,0.0,0.00731704887264785,0.03064998276224622,0.028658250132411134,0.016482039630351136,0.0011334574564013042,0.01179716894589893,0.023054001274351803,0.03548584303630057,0.016775367577937433,0.020464452527291198,0.008920477953662112,0.4450247718045155,0.013904397230605102,0.0033588819535053456,0.034238716745763016,0.004496071940769754,0.015924211311902182,0.034045571852520315,0.02842640121047642,0.026222802650357483,0.08497585178368458,0.0,0.02714201997089368,0.026999332554996373,0.00794807495717417,0.0,0.0037121131620318636,0.014362294091021837,0.04957931808047523,0.005172327632312891,0.010866829148881348,0.020283018698246644,0.0,0.02473180661364968,0.0,0.004629948545163054,0.007201565708981173,0.008050773982046951,0.0,0.006206680392043914,0.006518200108838766,0.03631409694558233,0.013119850948448551,0.012011498016363987,0.06504911229999556,0.018564476338999422,0.0,0.0,0.0032205128972521797,0.01744087543368787,0.00397150599910904,0.03184544095385544,0.022262829266655675,0.04096365067186499,0.020883974522293798,0.003723187521222325,0.0,0.0,0.04533780674786294,0.020925747234197465,0.013800865034386389,0.0021558887461150555,0.0,0.0664063007122923,0.006573715622488665,0.008344486232372553,0.019151305800112928,0.02990353665189158,0.0,0.010109923570974932,0.032295023950792694,0.0,0.03570028275344989,0.01599749665943716,0.014421236871956176,0.011480684545304041,0.04196323152138789,0.013955311525818876,0.028395059183627353,0.02201464532541054,0.01766856469720088,0.04804407763217802,0.005389051890671942,0.010272928969130176,0.008110959588127452,0.005944693865957801,0.02336427450772794,0.06537073549077521,0.02983532029755311,0.05324188135008308,0.009555487823063855,0.012056312996804196,0.008748136123634781,0.01637069112785558,0.012824203485589901,0.04410640410183945,0.027370757612665914,0.03622106250586878,0.0,0.053060639018018406,0.04675415641317723,0.0,0.008923984841621409,0.003640706863053856,0.020760989727761386,0.027773068174187693,0.019700772289073548,0.006924422332840452,0.05506383777614384,0.005410621689704323,0.03351663598944768,0.012286332918781704,0.023955162209267605,0.007557847356884558,0.02860719618816977,0.007403137450778269,0.0035750859564743507,0.01377556698539247,0.0,0.015946616544274764,0.034500671389101116,0.021170837826673686,0.03844808991642975,0.026818113922767034,0.08897782706267095,0.043999487109695506,0.029729097618511252,0.0,0.04174186142690354,0.009369458295050852,0.009605548268671205,0.008061958930300804,0.02354334063797797,0.0098326878415947,0.03151857651281245,0.03445059268532617,0.0070471561892723605,0.013293845344865099,0.0034465398991092495,0.06381499540078056,0.008854537037987373,0.009729191419809092,0.008734301521052392,0.019557169957193535,0.004344399771053847,0.0050350991856744605,0.0076212247330647775,0.011091465462369006,0.022563505705045773,0.007425305334232821,0.024779723689279623,0.025463280245298037,0.018449156441112335,0.0177262038337752,0.015778301970709726,0.004589249767953923,0.01002480100803613,0.07264770522455065,0.01015159254310946,0.01427800201420614,0.03245873950798482,0.018005215120432988,0.0,0.0,0.01564115962378408,0.014209066842415689,0.00946990135737365
Sig_7,0.028565689980840105,0.03409779643315794,0.0005604209223392276,0.11914426477796732,3.0179344455203923e-06,0.1069742941898093,0.03607631591115357,0.029169983347662326,0.0,0.020480912436192007,0.06594468533081979,0.00945194386993806,0.0,0.002014491001911163,0.007821927014921277,0.020271172282348968,0.1033576874657803,0.03050351145126931,0.02847370677535152,0.0,1.742796757777444e-05,0.01983379540130673,0.041718614756278645,0.007826694231745802,0.00917463725361233,0.051908107239491595,0.05512005073645895,0.10893219931267226,0.0,0.0,0.012667140276672564,0.0,0.09410466476657679,5.131020482883772e-08,0.0001028288040517711,0.02615639611831856,0.0,0.007416540538767848,0.021003726112973516,0.0,0.0,0.0,0.10230540380504152,0.021228219287170058,0.041089246249996055,0.003294778172542759,0.032121776692311914,0.0,0.0,8.781157820487471e-12,0.024057191647444978,0.0,0.0,0.013051425369781442,0.09859200026787783,0.036923584223556266,0.03570673602414358,0.021622289850635208,0.031388745148281064,0.0,0.009265517646371327,0.028032210833314898,0.0016612787734041207,0.0002172339497074837,0.04628521013545455,0.0923476400171469,0.004451887302465858,2.5688796310026603e-07,2.1905808486557e-15,0.07513901975545746,0.0811005364151423,0.0,0.047784999054799986,0.1106718175386552,0.02130292019619146,0.06846708633566918,0.017639452238680062,0.0185007236032798,0.0,0.022727906100875064,0.012133418092720744,0.008785083088726078,0.01368530225472824,0.0,0.08170293142045466,0.003931757643526234,0.006454980029998345,0.0,0.0021642047131902186,0.0,0.05203087240810105,0.016024876273797173,0.08623742224795329,0.0470290643752583,0.03452786863884115,0.029952219453676657,0.08870474575744873,0.009026436316690293,0.0722256171098814,0.017463274959649378,0.055640634079324076,0.0,0.03162227247498503,0.007679002551672278,0.1305625903573447,0.022068414985565433,0.0,0.01397986208653672,1.3497012420895475e-06,0.0,0.0823121444617466,0.11201465142224569,0.007346243961436069,0.09032743427133325,0.08942309093766368,0.0,0.0,0.0,0.09508601665760218,0.0,0.0,0.008409754525036228,0.0,0.0,0.006247877302201711,0.0015067813524360122,0.0,0.0,0.013944396636557855,0.021820032047699115,0.020333578233179724,0.0,6.16751202689416e-05,0.0,0.017492196913459337,0.040650922258031415,0.0005798779852126878,0.03420528786092454,0.0,0.041193791503914466,0.019655971644717395,0.03825253406024735,0.0,0.0059583317552371635,0.0,0.0,0.001964474330087164,0.004440116621420164,0.07984686534758027,0.0,0.0,0.0,0.0,0.015671549063370257,0.0,9.632685965617213e-05,0.0,0.0398294819878017,0.01679485521763636,0.03285230941453684,0.0,0.0,0.09297485619911217,0.0,0.0,0.016422631853384932,0.003530085787374225,0.008443980584274936,0.012403427684215497,0.008029504370684898,0.0,0.006419105435378902,0.001490093415483029,0.0,2.327318601438217e-10,0.006922617486273404,0.0,0.04204105461382323,0.0,6.909127117481525e-13,0.10172084066893194,0.008339575599583017,0.010915717564278622,0.0020431377604624872,0.0100803973064092,0.0947797462624841,0.07171434128582223,1.289837324559526e-07,0.0,0.08446236830741806,0.0,0.0,0.017462898725809042,0.020388055490289075,0.0,0.044612059370156575,0.017279075112898248,0.0,0.07206738455546985,0.02745799530633718,0.010834132822866554,0.0,0.0,0.003981249682085051,0.0,0.0,0.08769536209896775,0.07734010921993364,0.0,0.0,0.0,0.10957644978833064,0.054389777322103976,0.022022091612794996,0.0,0.09805165517101756,0.0,0.0995423585971929,0.005721524081996561,0.021762823676572868,0.01198277557991525,0.0013834611819525798,0.005990941894254508,0.0,5.932814458782025e-06,0.0013360828095256819,0.0,0.09354602511862853,0.014248420506360202,0.0,0.0,0.01131585142904454,0.026181423065556406,0.026060124765024482,0.02189544859612928,0.0838109912568358,0.021624808271315292,0.007184840574165659,0.018109601649351093,0.019225666322224517,0.0,0.014418539261526132,0.026046786693904145,0.01877399396129228,0.060580085894490064,0.04100019702461167,0.05152236653691099,0.026035531023384503,0.0,0.006387182569032746,0.02243597070559609,3.2469113166214526e-13,0.04454201940242103,0.04891525348496248,0.08524578911612904,0.0005017719126553524,0.05337281132934723,0.02039091990818479,0.0,0.017956905027921886,0.013038130143886821,0.0,0.00027062042712899245,0.0,0.032397301111164116,0.011126388159047585,0.0,0.0,0.025105707935151055,0.024329483854079237,0.040306702991561444,0.0252879565586751,0.04224282803330343,0.012825227092560763,0.0,0.09741005532133426,0.003171003278879966,0.09655220417001881,0.045027180643933976,0.09280451462969204,0.07768968380454293,0.0,0.05967996007209166,0.09908894715833347,0.040768754564095025,0.029036496739858437,0.0012435016120064455,0.010410302606775371,0.011231426867345934,0.0,0.031361120284109006,0.0,0.0033050045082969534,0.04128081690613268,0.0,0.008670475090599483,0.012892495078520137,0.0016206742164555138,0.013491658717599844,0.023742241792800156,0.029178987570426355,0.0025496512300772186,4.9810197532404015e-15,0.050053230555571745,0.03602679542765075,0.006834674552851113,0.03676668596066242,2.77325461703753e-15,0.030961519678012406,0.05548740317993069,0.10321022282677463,0.029202027183138066,0.0,0.009315327439162125,0.004769275005928133,0.0,0.0,0.02811650165298451,0.01798649679842798,0.09043096270490059,0.0013913799887185878,0.005188960754350361,0.11431990870831917,6.595913766771881e-07,0.09717197301205042,0.0,0.0,0.0,0.0,2.065193324228605e-07,0.014209376374213059,0.004484347231542302,0.06183704919458059,0.01301156045758698,0.0,0.052666757364367954,0.040656712799724166,0.02796489243857816,0.0,0.038950307346352284,4.317525215205495e-05,0.02017569917202338,0.0,0.011017437636096057,0.00952098521256694,0.02045218618961188,0.0,0.06771209888972791,0.05853289707644578,0.0,0.01323809007218577,3.377676459106776e-16,0.0,0.04060380709392823,0.02971786073235788,0.05468765601833488,0.03759878698106552,0.07687736859360857,3.0103094687116007e-05,0.0036277378532094816,0.029002147508765615,0.05582852009669662,0.014663101686266543,0.036840439747482995,0.07155222264385588,0.0,1.1550973003598006e-08,0.1034116052546562,0.0,0.02955692162904399,0.004955745248616538,0.0,0.018433762248622428,0.0,0.0,0.11552740137928467,0.045926428752041025,0.004211432048756797,0.0,0.04085743071509617,0.0,0.02304743682159041,0.02782328103799024,0.008467913346392318,0.0013567709515666655,0.023232424708892876,0.013966613107503493,0.00972941664246603,0.0,0.0,0.021181248176418577,0.0004587734437731123,0.0803706570276708,0.10540675542698007,0.0,0.0,0.006065144559287236,0.07177045037518537,0.012151163834838441,0.061999605552738535,0.015545122078983951,0.004944855527103092,0.016843257821305576,0.08192269114566143,0.0,0.0066161467177496104,0.021005150191663626,0.0,0.0,3.8037880613844835e-12,0.042799100004322285,0.009281561212439594,0.0,0.0,0.0,0.0589973482214135,0.0,0.10466982527479608,0.04053270914564595,0.0,0.0,0.0,0.0,0.0,0.0,0.0,0.012681416274261996,0.0,4.3013591046259196e-14,0.01829410948348316,0.0,0.043838661867804586,0.0,0.0,0.0,0.0,0.028018830046111512,0.012054542562391697,0.0,0.0,0.014923941989933158,0.01758740597875474,0.018205011427703022,6.836060326904137e-06,0.02551072291037076,0.0,0.05282135840118317,0.0,0.005137846220786539,0.0,0.006375470422877514,0.03307913990389561,0.0,0.036159514320546024,0.02079323227287752,0.027208150745400613,0.12219045220323344,0.006156383801581747,0.043499817566507906,0.014806864930767848,0.033183275373076665,0.010452764690294719,0.019650695345041463,0.0,0.0013808384783155227,0.005487026519451552,0.0,0.0033041397617609193,0.008538324637028066,0.0,0.020003782641914495,0.006681909206115245,0.0021218790054734113,1.754876411136053e-13,0.03262464128185356,0.023916726159185737,0.014696858847571367,0.06635422356555197,0.044348119009236804,0.03387865975830236,0.027880930717251416,0.02323087384733433,0.025220461019514483,0.033632437561359405,0.06458887369867229,0.055607292194814854,0.056553995279502084,0.005121345095194858,0.017916055572567126,0.006300711789594894,9.362138422816096e-12,0.020825760883211922,0.012738493000113696,0.0
Sig_8,9.238747108987507e-08,0.0311797597754294,0.0,0.003942492218820575,0.0,4.851494877156902e-13,0.0261876711165814,0.0799201247367933,0.001959121787113681,0.0,0.02489633991585355,0.032529255629353715,0.022811812395729845,0.03589819528184004,0.1119839137437785,0.0058776663434540796,0.014785290174378343,0.0,0.02266555305713762,0.0071717839785835355,0.04924411856246379,0.0013055264356155454,0.06569510343864164,5.559759641978742e-09,0.018505274823287673,0.008924625617185702,0.02501321471830786,0.007460697935336207,0.014004023146256421,0.021511070785211077,0.0,0.0,0.020064053324322238,0.021652406281617163,0.033228225954133245,0.024455155545145327,0.04118266526022015,0.030285600965618383,0.03096616206670974,0.1023459704906973,0.004880084160903061,0.03172804357433192,0.020459242764855147,0.008848449890107517,0.0,0.00286761276867229,0.012183462261435336,0.0,0.030940003726618828,0.02819247373332724,0.027139076488034347,0.018399087815544363,0.14665616986051583,0.06902055868960723,0.009032876806602107,0.014306294671159752,0.03609335879274941,0.0,0.033070595712962274,0.0,0.04132131720417884,0.01409576522680545,0.0,0.0,0.0,0.012769809703070286,0.034482711013611715,0.01168401057106506,0.0,0.030546222580526503,0.016296921369974127,9.353773709909686e-16,0.0,0.014973806079517165,0.023926102088269462,0.008958390945044433,0.03572444820994672,0.015610398057173862,0.014880136891315334,0.03795169463907857,0.04815763380683645,0.03358789393744796,0.10240624802203999,0.04096857390919526,0.01500852391800254,0.018275439966966775,0.0,0.008949895303583253,0.042719962828128205,0.050411638523277076,0.008210357341278517,0.0,0.021636769661621202,0.013193615297818317,0.0073846439326993515,0.015303240344716904,0.0187515934283536,0.021720073670929537,0.03635293621189949,0.030038836674197336,0.008428180542748714,0.0,0.0031523861817421878,0.011757290297283255,0.02367827944294931,0.01995070032158298,0.07108459651495495,0.0,0.06516920456271086,0.025158243161836007,0.004462479606250975,0.015419795325212513,0.07182304630651808,0.015010133781667242,0.0068751839505200325,0.046376665737416944,0.0,0.013158798728277904,0.011715679381786002,0.0490762018750665,0.1212547481873395,0.0,0.06595296740879235,0.02033127737236786,0.015229101253889621,0.015880302986264062,0.07372811481902472,0.0518643707777343,0.018604804363286463,0.012617355000465723,0.03752866509742679,0.01870437230441552,0.04067591497661348,0.0,0.006294344790680189,0.020281164001942614,0.03457382435269322,0.053011916516262296,0.10844153161998313,0.012933297232691801,0.0260008475103911,0.08077393761474572,0.10074391980799291,0.039768056166074914,0.10972105530924607,0.08099154284625273,0.02661357706527164,0.010145343702971547,0.015121606040862984,0.05313176035217194,0.0,0.021160626849346286,0.046683156338803676,0.024025247244985407,0.052316063936304356,0.017737166140478225,0.0,0.04184086446133952,0.009833901766848844,0.01821981439894588,0.004453191039043047,0.04444987838276234,0.0,0.07147806869405754,0.08910099114522727,0.015948166906993445,0.0011138371690785087,0.04228403942959733,0.0,6.140246116590071e-13,0.0,0.007303051538257441,0.005989843091271071,0.007768343903144464,0.014495621442336907,0.05872289088247898,0.04660364813994104,0.037949142604051495,0.0,0.0,0.005719906260873487,3.5226882495123065e-09,0.025015105798243013,0.015078804522751427,0.029612736988380697,0.011728075127828181,0.012002825007155484,0.069572930889349,0.02609942101672422,0.02546879581502436,0.019556666602597625,0.03261098098386026,0.0500802969816914,0.0,0.06936824661766247,0.03376898044101913,0.0,0.010525312931204539,0.012819347119670123,0.029227757933740585,0.04306811213826,0.0,0.0,0.059365747462711185,0.02823567714191323,0.05536931983512999,0.0075862015986430794,0.018920519070761886,0.052727009607316876,0.023743238306737705,0.0,0.013733724865957617,0.015079671750255976,0.031518891348320574,0.02069998468810068,0.00643854206937488,0.015222164717991753,0.028048217263736387,0.010918298472910789,0.07768362887636546,0.010411173159417225,0.03862859722866396,0.035541459593360275,0.07997590327973429,0.043363755294520606,0.0,0.06917746374699134,0.022218177539466706,0.046616411122009115,0.04129657800549753,0.0,0.01452468139833565,0.022393587907182922,0.0550856670302301,2.0619281800165206e-10,0.029345025697517485,0.009932886452496409,0.021058568442840257,0.0195230908111233,0.0,0.02413169407861216,0.04029642632200894,0.023966663615512432,0.0,0.026573645483503758,0.02568153047463882,0.026046073127069518,0.02794490348465399,7.300224838340064e-05,0.018903006551617207,0.029543778324799874,0.0,0.01925950330277288,0.06536329130403506,0.02589148532996047,0.003988908647290145,0.04112244865466621,0.015008863776889836,0.029044267550889062,0.02204437823729741,0.0,0.013418225595176242,0.017208828674198637,0.036453021312378694,0.011718179832489324,0.009833496757708313,0.0,0.03228053658005593,1.9915570280940447e-08,0.03932549860618202,0.03738544187415339,0.08204479459681639,0.03858747192763709,0.19529232212959324,0.054392989079678496,0.029728262550182502,0.0,0.0032591465337018055,0.022935168390195413,0.0023152562033238126,0.007415207655902878,0.030658950942502,0.04102163090425016,0.013227365312886917,0.05839806096873299,0.05698301514643613,0.03509164808008659,0.010719276975437444,0.03131015208477495,0.0,0.011157344297172935,0.0839255722818519,0.01713174065313314,0.019647841820724175,0.058533501225440154,0.026538624468715667,0.01079000678959774,0.0,0.07718700561187208,0.006950615946000269,0.05092637306752,0.0,0.0071647203861319305,0.0,9.989190098179816e-10,0.017676340957558476,0.03562695066041791,0.0,0.10969596348746964,0.0,0.013582302089070911,0.014325537663602663,0.012955911084167526,1.1753296744084493e-08,0.016129366846189486,0.1089521365591944,0.0,0.0,0.04848119181796275,0.011482995711302405,0.009267241375162941,0.1624253148462235,0.0050444228911916975,0.007645457448873053,0.007571862558245194,0.020879314580663423,0.04872204322833599,0.0,0.08764310540654607,0.06727479428725663,0.024874992259346362,0.013610405264087867,0.024611699735425565,0.03662308958286153,0.030569683115935796,1.1133524062630608e-13,0.017351267157467164,0.022008839119281174,0.0,0.040494287701148594,0.008320438093458695,0.013150877124989897,0.022280791382865157,0.02043759387171413,0.021651451227924893,0.014114208195841067,0.05555866422889819,0.037004441287777814,0.006571014438358183,0.0,0.042626931339234155,0.0,0.0,0.030671916331514747,0.011718383335816852,1.2270928723590343e-12,0.04241328495251701,0.025639346724809366,0.040946287444672415,0.02999930288913355,0.06339840367465056,0.0,0.0,0.009384243011301837,0.012848857357669856,0.03665625033424965,0.008164999302855093,0.02700298847731166,0.03428979386169948,0.046087551409782115,0.028289055778997183,0.016792200761400967,0.02333768319077591,0.021789768393714402,0.0,0.015244472849124155,0.021373096698069926,0.008751088317300865,0.035979213297306,0.03527990575762618,0.040677638887821894,0.05338884091404835,0.005855528754919202,0.0,0.04606317614240237,0.04271838763297791,0.0426529997616398,0.026948752763427203,0.033050978934183635,0.029240975674353954,0.054191932324685235,0.01789412305304003,0.02725428059274847,0.014314804981506439,0.11642483043867889,0.27768579516053754,0.057162965465638586,0.007921231620123781,0.006988190797172779,0.028785053236916398,0.005641619892380164,0.0,0.010208330822372486,0.07129026521161516,0.05214806557097999,0.07187299270789736,0.07146220113957041,0.11613635775155945,0.0,0.014051185724894586,0.020959703121937637,0.0,0.014170274704725637,0.15966074020920956,0.0,0.051528724257692365,0.04302918634670052,0.010337872798645915,0.033927636454439546,0.0034859510727443346,0.01819834756851414,0.0,0.08784953249175848,0.05569629254462881,0.030995001778990644,0.002585387852977939,0.015196783191648622,0.025628999240700338,0.11604803659426036,0.007995618787405274,0.008610156184015859,0.05082786387142665,0.09984617019888027,0.02897664016822758,0.00716901957075336,0.0062695032634766685,0.015136588167832442,0.052379740198725135,0.0,0.009331030187462048,0.017272121668388235,0.02035120245438237,0.011982924982518147,0.023835839807425225,0.04583303623978063,0.00942228660176016,0.050715471552576295,0.07818783971271212,0.05003968496969315,0.0,0.003975097875531276,0.039065666967144426,0.051921809607415347,0.025947157432111595,0.001643374333133732,0.036785719289700196,0.013626752555249966,0.016124686620757268,8.845945389977917e-08,0.01488129797749229,0.0,0.010141582491156684,0.01757440660767809,0.044098587554904534,0.028417902035258784,0.014773453266617397,0.0960518671204673,0.004091542464133372,0.024259061962101286,0.015262854128146354,0.04581454937904577,0.0,0.004352255552586886,0.02916287841109167,0.0,0.011529821003608989,0.014823513752402866,0.00604522749989819,0.04846981377657642,0.012405700508702603,0.01262130429179386,0.027776847470324943,0.0155245979516242,0.01741576786956291,0.04518852735502687,0.008758651382409603,0.030381400564115927,0.01837404774993582,0.0,0.03477515572536075,0.021737478802542617,0.12980899930499434,0.008091447067699742,0.0
Sig_9,0.014492634979989549,0.01670243933966466,0.0,0.009492164098602752,0.0,0.01887066093761428,0.02384233050182174,0.08901567459248476,0.0,0.058671071897802136,0.013665487059195127,0.01548280794868458,0.0,0.01581668741272597,0.0,0.008794336992331973,0.009115747880331215,0.007463125690696703,0.0,0.008166418108223432,0.02822957512311598,0.010521902665233406,0.02013898059121633,0.014727843471690066,0.0,0.02086820445549631,0.0,0.01674307581559398,0.07959581329113125,0.084700545897043,0.0,0.0827435111925245,0.018224118249731868,0.0422411271931183,0.0343179260743777,0.032956718220669076,0.03125086864327627,0.012256249244589165,0.022399995909264156,0.007805781412524411,0.007247819125368658,0.09241699200100213,0.0,0.03058095341774577,0.00715846952106393,0.006426300339219488,0.005905342082230417,0.048257085092233705,0.058207179105432494,0.03345747074293749,0.004544721594581294,0.007088580224621278,0.050088246434107746,0.006146922366520352,0.010932519795070265,0.06984152720624656,0.022576873344255004,0.019946386739553307,0.007827038875572415,0.0,0.017703114017359647,0.010266086143800235,0.03963096950039964,0.021423914302524053,0.01062526106012054,0.017456290298807162,0.0,0.033444318219839314,0.02468332845418793,0.005964278280406895,0.017527126859132505,0.0,0.0329963962285277,0.015092508154098586,0.0199324006799095,0.018644255645375557,0.004713068534212822,0.0,0.03119488618697989,0.03174969034512881,0.02992964035293728,0.020904316769455016,0.024177508706463405,0.017460728250077728,0.031040557441495503,0.007324930164947289,0.022351387777479838,0.01776929583486164,0.00730348548193658,0.0768790636566631,0.0,0.0553036685580648,0.005418374628528538,0.05026599580072246,0.009409938376921343,0.020019968883019264,0.007946583304989393,0.02472689527984954,0.028728381351491385,0.013292142551834873,0.028050761922070105,0.02930199888626561,0.03647607390238773,0.04452547744568417,0.011226044919736063,0.009027081591477339,0.10855234522936671,0.0,0.0,0.05244832428242221,0.007278653861383193,0.0031725840151058987,0.018127702731991,0.014470121550076114,0.0039815017880217175,0.07182621636602524,0.04645664236317379,0.013308686469201296,0.00647615026003163,0.12319848047381096,0.043008573318192564,0.08267227934129198,0.0681341353047674,0.0,0.01652815413060052,0.02071481958494202,0.09279349296160132,0.10845030189242263,0.0,0.0542937619871738,0.008665750219336061,0.054919537284394394,0.04189434494656842,0.025152633082829536,0.05207271860208214,0.009643289762405267,0.017631298253389858,0.0406161407729833,0.01888209926997315,0.011230972903490859,0.018636366721006208,0.021353816868663278,0.0,0.028523302353881768,0.0,0.014174753318694222,0.0,0.00802610517513761,0.019382264333668645,0.011374666957374368,0.0696551474107917,0.01818351182570719,0.032030189155215646,0.02238133042038863,0.07161169141735081,0.03489707430335904,0.0,0.028944867574673093,0.03934887626209454,0.022683243021398538,0.008981497581366007,0.07871616340201068,0.012796690451216557,0.03950396557985189,0.044429502099896864,0.04080672287297677,0.0,0.0217543517882275,0.0,0.0,0.029154690317214633,0.022747458155480942,0.006982718379699071,0.026164257528165657,0.010927542572576762,0.024678517321135046,0.015416316058545545,0.009964441967156859,0.014260100958777359,0.0,0.005233286825289354,0.024402256721458297,0.02682110912555478,0.017863559741023542,0.0,0.006251448360514504,0.006149950177079012,0.022809303694472413,0.029005022407129318,0.012209484486385862,0.12577429396757242,0.025221171036669748,0.03039932197159967,0.02699819580810296,0.02556103253501313,0.004919001764541619,0.0,0.004889460111078531,0.008167054666108035,0.01066821676622717,0.015331686713932051,0.0,0.12867708928424842,0.040322933101614424,0.01206338002208423,0.0,0.019615174869075595,0.012211635824496234,0.0054571878942815755,0.0,0.012345987254979316,0.0215048462469863,0.022518378190282993,0.0,0.012713002637585012,0.01012314360874863,0.014569982000674001,0.0085515921242303,0.018460492284538988,0.04056210680687129,0.0,0.009005660335809865,0.028303485275962024,0.0,0.04825146930823823,0.042697140286818966,0.010105498703432612,0.020197117266918967,0.12822366945240443,0.05542359907222875,0.031961192575846176,0.0,0.02224954626553304,0.02929254740884781,0.02745057416035565,0.01046644157746584,0.008383775244737197,0.016934002153183594,0.016544437272506426,0.0,0.009478177887763561,0.022996955937332978,0.014028670586123105,0.0,0.023082684856351083,0.029873858687866038,0.0377486651512698,0.016164249687259786,0.02429265796222267,0.038793767345547285,0.054973203555887175,0.04303326192608381,0.007402483356465291,0.03151716878234968,0.02148096284171057,0.012373425491448042,0.03598628787290928,0.0,0.04868773920456654,0.023056456181441146,0.022935408797558295,0.025723325259318076,0.0,0.0,0.022446889339842836,0.019416030444829657,0.0687147627966942,0.0,0.013404103956263987,0.01842588430563941,0.042432076691685486,0.027379171738277128,0.0,0.017510027140319556,0.016536996285051068,0.0,0.039265991146229855,0.009141601354400999,0.0,0.009856254474945817,0.026900150968015374,0.03182663808886688,0.042925071917371854,0.013577724818540138,0.0349857340524151,0.04686413715415087,0.027813785596298147,0.011902450528097571,0.004845589779305071,0.0,0.035141749014622276,0.008912072903614612,0.010903443651184242,0.0,0.016584303995945075,0.023323185662514668,0.09189999242712313,0.053714569559562546,0.02107037870275112,0.01382800643456936,0.029953934643582706,0.0,0.019523940823320075,0.00982185182249296,0.03769770624741184,0.0,0.02988596259166502,0.01462788216161488,0.037282876338849885,0.06303072911929769,0.012766051521155631,0.01808904582281521,0.027264380544156155,0.04014345513865246,0.01468504945725984,0.05431159363566588,0.0,0.016280024618126315,0.0659775161615403,0.01904026058676412,0.014914366906231744,0.0,0.019122177647202462,0.0388839235709796,0.013509573079306588,0.02423317273304619,0.0,0.04534776296522459,0.03216602504268449,0.03178229252640922,0.010521790876735077,0.005095873951547018,0.040925424181963606,0.033978118438858756,0.04165250276602351,0.027406233706520212,0.015217267936262806,0.049661372227748905,0.0,0.051749139220987846,0.003028448158744031,0.0,0.01660873997708561,0.020508261825877755,0.00420812644382528,0.018873232878342326,0.02705093612610149,0.008712004735903391,0.032298833883559065,0.0,0.032003694254873954,0.018506267873839043,0.1071078075478845,0.04940007690721868,0.01276462166169257,0.0328055313121156,0.009838797252260707,0.01126407664069258,0.0053901667825266165,0.04996744869008629,0.014742702474274233,0.013064598673624962,0.028821637360836178,0.005158142914906118,0.01680783433963645,0.0318742356234066,0.018455038552810745,0.008031224463879168,0.013234098022331402,0.05483747629434688,0.007943439062357614,0.02717048723528746,0.08130305819816776,0.022537446128844132,0.049019870311237466,0.005740995093723061,0.005218631086545484,0.012690152310342744,0.027054901292913148,0.011191575853567894,0.030059304832069863,0.031164179352510757,0.015778916069760864,0.0,0.01484029207212756,0.009601237560242613,0.04699992501819229,0.02662514306351671,0.009209144560888309,0.13605057473132534,0.010892180923755337,0.0,0.009476143719423446,0.013096556933705395,0.04496873716459924,0.04423322493748162,0.02701711512601252,0.03729831051183101,0.08729878545359226,0.08389506490373949,0.00830268336346476,0.01768202388910793,0.0,0.0,0.029923032200597402,0.03911704053423034,0.03232885587953009,0.0797735122231012,0.0,0.014270148091508372,0.059519192537216395,0.014477380917056616,0.015911039926068845,0.0,0.02062503415368569,0.009161873768746512,0.05301454244019914,0.015442920281647688,0.06737404495915734,0.0,0.019004308895623087,0.0,0.11802476501274778,0.06010699681417175,0.07357980119829673,0.0017669978870167432,0.040927300036274115,0.040607115602796534,0.0,0.008083826241111102,0.007982429245966902,0.0,0.006244359746641323,0.02473526764871783,0.0018911031044209457,0.03732703154726781,0.030875662686623614,0.05972895687994602,0.025070047247656806,0.03752518207661843,0.0034147437173034987,0.015917555636543273,0.00969746532474395,0.03956890000273378,0.03481756245050063,0.012535335003102506,0.02559040872892939,0.02922346063059476,0.009137310713987153,0.08942699706448086,0.019813218766814168,0.01196438858147018,0.03964608399659476,0.04876543338974157,0.004476204677288531,0.007301424128713288,0.013020579638261975,0.008343300945586623,0.0,0.03863303730574713,0.00808389858134571,0.021195435762052215,0.024051091727875052,0.006840642301176932,0.034606631757331904,0.03623976744452268,0.10406782244436534,0.006845407648521398,0.001088075488714498,0.028448098599254488,0.0,0.01070530327270717,0.004621549168136578,0.0,0.06674893579341139,0.02632001454656071,0.02488356002247354,0.01727514091115262,0.01078961940992418,0.03128737181748557,0.0223848980432011,0.0589175114901902,0.022143669659554666,0.009205230306361814,0.006644523202975176,0.021096096669106418,0.02349715921436016,0.05600466278831826,0.07058085711236509,0.006011761207676592,0.0068143160556200085,0.008684338787187938,0.0,0.0
Sig_10,0.01632351690115868,0.026677006553256843,0.022633951923397823,0.011350311773332645,0.0451657355378299,0.016755341236429803,0.0,0.009432049725833051,0.027804060123904205,0.03235955834669412,0.01506605876891949,0.024140782695734966,0.0,0.003140115984772676,0.009988725191381364,0.011127479607255153,0.00340216950057357,0.02160388282608577,0.015434961560978287,0.018051924395482408,0.0,0.04332334008031398,0.00989124588302821,0.044645040505353714,0.0,0.05931850103344193,0.023955349133333973,0.01683476089319198,4.08435583850292e-08,0.0,0.026473001538170355,0.025588578716819625,0.012830814328781663,0.02504919754019858,0.0,0.02013818221911461,0.0,0.0,0.006706940850802363,0.005477678011591017,0.010026922035985509,0.012238774679491434,0.014932134103027295,0.0,0.0,0.037768666774656734,0.02504226260133582,0.013360347682507049,0.0,0.0057843835329115245,0.024834291278504842,0.0,0.0,0.0,0.017856415204585765,0.017091116716000842,0.02475902333843973,0.061005756765025114,0.030774298307622343,0.0,0.028786513803831612,0.013092216891854244,0.007855350315715338,0.0,0.025941417199611183,0.006203711503637965,0.010312373454632602,0.03852533129400553,0.016905150132143297,0.01807558235558348,0.007683677018817545,0.026808481262710234,0.06550296697782189,0.0062432133519171205,0.02522378187492788,0.0071823344323958364,0.01293450104058286,0.0,0.0,0.028003981325539447,0.018700848905203914,0.0,0.026284428250212932,0.0034551664232888536,0.0,0.03453293772472395,0.004791083932900313,0.04704311183075978,0.06365442788765555,0.0,0.021763499723052825,0.008938158990355697,0.007195812142015486,0.014735318635632898,0.02194129759694021,0.040286816153315586,0.0360722154629955,0.06658054927522654,0.0207580454866903,0.03516989900320046,0.0,0.0,0.029835565845205077,0.11256456915238074,0.017597308154531015,0.011260430936751699,2.1583369378703403e-14,0.01878694623410839,0.039693339434647916,0.07869598398509296,0.002891279059687814,0.010976213479930946,0.04798392320431405,0.014081054942223581,0.0281792681962463,0.04527631338175391,0.06443226072281902,0.01798980952017434,0.029356939165930455,0.0,0.0,0.0160515866425233,0.02824065977985949,0.05214372874700982,0.02287602133034249,0.03246944638808438,0.0,0.011957143138300378,0.0,0.002888686130128253,0.023812160466157115,0.018293093228776647,0.018101787945167598,0.02358205809477261,0.014047424041925263,0.003579531713692381,0.0,0.009899570942492485,0.08384933866819148,0.01648839142833162,0.0,0.0,0.0,0.0,0.0,0.0,0.020015373777090197,0.00923387606269291,0.04911722795586716,0.06305093913432518,0.0516942129698286,0.1098913271642884,0.02307234937815204,0.007893044933851416,0.0,0.020323686927825355,0.0,0.013198758626683533,0.035422127938963655,0.04460891027138957,0.0459873013587441,0.1410541592138685,0.09283111169668669,0.07813024755382897,0.0,0.0543795842445527,0.02318838200629836,0.029498221786600182,0.010633678599181908,0.033205057312489954,0.0420418058734418,0.01830072093875041,0.01249768294428937,0.05471044540442229,0.03332296803811335,0.022705056231850245,0.0,0.034390918777637586,0.015192182105300218,0.12458635413679756,0.04420070476259851,0.011450600311331115,0.008556841407276453,0.026352418078500087,0.023980127427748122,0.02147537495770831,0.021552640425251676,0.0,0.0510512101836381,0.008881428807407589,0.10934693169025776,0.026880029764206934,0.014231660663988023,0.06327115996813654,0.08967601284518761,0.02714073362207237,0.0,0.014128592426643726,0.005123106622961941,0.009273656194310349,0.043862455885455884,0.0,0.0,0.014419940986492326,0.013148481384647772,0.10117231664241928,0.022875715804024515,0.028903700995733878,0.04473449952893703,0.024645489446051116,0.011615611999584583,0.02054538750107395,0.040985050000191946,0.009850037351342598,0.023295691533620235,0.013052260659731798,0.045684156556605474,0.011881954413930817,0.013447145073124875,0.0,0.00752055286752125,0.009238622973065633,0.0,0.0,0.009224210936318443,0.03500330721759484,0.033787268540217026,0.0022012060037346886,0.01572706737604536,0.0,0.06540417185195813,0.07357701846785492,0.01039682100174098,0.02061676616240134,0.003006952248503398,0.00839123379209229,0.021898870776640243,0.01522323965469598,0.06161356975351537,0.0,0.00543401547470487,0.013079037062345191,0.00296351618769877,0.031011649668552035,0.00555815291639416,0.0,0.025680474544458615,0.003037558294845906,0.006021592571072106,0.03458879958048896,0.011698758903843417,0.02259006768052324,0.04390731663312661,0.0,0.019711830904584858,0.0173667213238405,0.013587178137507733,0.020813783996461308,0.0,0.00477984713922871,0.019751395141656015,0.02561099604145616,0.01775927261371011,0.0,0.03381401960189966,0.02313781638161022,0.0,0.0055222454860690395,2.2066441474595537e-14,0.03144662526403668,0.0,0.0,0.003288045123948646,0.0,0.0,0.016150669537938665,0.019453923421398144,0.01907288229839265,0.0,0.019666643225044095,0.02125527819342903,0.06896834753607402,0.0,0.0105134171403809,0.012658823560567129,0.020753858366414937,0.02383759117312602,0.043091918361034064,0.0414168227623264,0.0,0.04169884921616588,0.006954698451225839,0.01362456744380592,0.0316901723027184,0.014925673395397255,0.029173292235945905,0.0,0.00900483696459857,0.06719665120034467,0.020430598565571324,0.011376120934462488,0.025514332184899676,0.03879709938266019,0.02019581251841329,0.022024403546888636,0.0,0.0,0.0,0.0,0.034154025611656515,0.006154622611794345,0.010712091325179125,0.006044382051835708,0.019813788228345286,0.025651189612030025,0.017292570997870665,0.09723644116599936,0.028791089447474164,0.02195706123393508,0.006520983455285721,0.010328116090057585,0.0,0.009697531087674474,0.03943790182686396,0.014679758116309435,0.028155012479214814,0.0,0.0,0.07198857401314226,0.0,0.05067180574747065,0.04672511811596842,0.0,0.0,0.07265728096271581,0.0,0.04800145265029691,0.0,0.0,0.02591935154099637,0.019136525706209332,0.031132562013811288,0.028626857341823752,0.030676288929962353,0.016557326867741706,0.018167433315648844,0.03806586148167129,0.012158659166527381,0.011570967009106968,0.04162065524127396,0.038769388793519995,0.05047008199254337,0.14187501216004905,0.0,0.017811161707704706,0.02529789692380038,0.015836922285878973,0.010483565260742784,0.007591466572763507,0.01915166153718849,0.022959805315471496,0.014894885578952539,0.03624905969589654,0.02389522927520506,0.007027833183109686,0.009592158985600709,0.026866648888476355,0.023312185220947003,0.10366202483531531,0.0180132682489436,0.04963641287902721,0.0,0.04952774775813361,0.0,0.0,0.0033040485487706934,0.015937496401527498,0.017439456452085313,0.05686146903834561,0.012448328272064752,0.007989231378892679,0.0,0.043188954534897586,0.006822145031391864,0.0,0.0,0.02138560622278408,0.07356645811740285,0.0018967572334125582,0.028574935562411315,0.0,0.026038647810215785,0.02606371011394499,0.03517823755376801,0.0,0.0,0.017197153483390015,0.029734929153433363,0.0,0.01307274348262285,0.021752628962078194,0.04558977897303508,0.029726168302326453,0.0,0.025716002694768415,0.0,0.021523167851098784,0.021502544511992246,0.03370917122124648,0.029300803510063887,0.0,0.038897317353270656,0.03641831169747864,0.04721002368887446,0.007302963795045174,0.03317500254176562,0.009440869592150285,0.010447544508603008,0.009014817771677711,0.037166737106881315,0.0,0.0,0.0,0.018669216057967977,0.029134935744556632,0.010449664565219683,0.025458256322951404,0.08334763787122784,0.0,0.00544225840712837,0.027196364917958883,0.03134076961541119,0.03577184917521247,0.08399996833079713,0.018426293887538865,0.02327963671649411,0.03568407818314791,0.021721471161158388,0.04916338332562993,0.02190470499296698,0.011289250748747147,0.018978720917241208,0.010920605082130398,0.030392338246505227,0.038719246579396835,0.04214369408467236,0.011796258498652925,0.04740257617992855,0.048676126488164856,0.02594144963210363,0.01749595856095673,0.0,0.06537131118451583,0.028841058019828763,0.04304341243330516,0.025224814310362945,0.01205484650376064,0.09010530716294972,0.010733725026173037,0.0,0.01983078529062068,0.023628573163677724,0.009355099572107457,0.030226986613318237,0.006249977720992418,0.028950117827221795,0.0,0.0158211264583952,0.009085932302643032,0.01979815482266913,0.030861105980476203,0.034479681068336446,0.03567321007283062,0.02238251522221389,0.01620454587867736,0.04121243693428571,0.031957464305268114,0.01821229516132235,0.033406611180079274,0.020622623235079917,0.015762996447997377,0.08763733294413013,0.04859472158467201,0.028775313726930953,0.0,0.0,0.022138819099346917,0.012157506084078925,0.06455837816658297,0.01974933695716507,0.01554010919568577,0.0,0.008441167501405491,0.022406819313638107
Sig_11,1.1157366148726473e-12,0.0,0.04442489832912801,0.0,2.6638892215143693e-15,0.011089056561335003,0.026492016814839488,0.0,0.002940676256712177,8.772725551052731e-08,0.01791294725198571,0.012623990289261443,0.03716529424867053,2.186783861267275e-08,0.0,0.00117970227276699,0.00024146252591173076,0.0246476630192534,0.01953894145394463,0.016161495057953935,0.029226756399188532,0.0,0.0,0.03322013712464858,0.04396187509936658,0.035186561691029496,0.0,0.0017363453121327127,0.0,0.0,0.0,0.02344004209301762,0.0,0.03176303329217534,0.0,0.020877137317916093,8.547493653131059e-15,0.0,0.010082678907608273,0.05809692622368962,0.0002818508564297692,0.0,0.0,0.0,0.09571630928176009,0.007815481759745488,0.026394813546038218,0.0,0.08293098164595886,0.05094921686482859,0.015084497152935257,0.043629122185726364,0.03195179848939749,0.0,0.0063430869599815755,0.0,0.025866824662916107,0.005593336544247638,5.646102223537436e-07,0.0,0.03368864513015288,0.011586107281918414,0.019569842354564947,0.026564565969258484,0.03432491322549211,1.768696671815146e-10,0.016480929542393358,0.0,0.0063995047483903465,0.0,0.02182345667053919,0.0,0.015106243054546296,0.0,0.011606641529914566,0.015767169864150794,0.0,0.10089985882922715,0.0,0.04992868619607005,0.01301231471779705,0.022804645114178353,0.03748955196823777,0.015564292805700515,0.0345494078152759,0.01116562003432164,0.03903641047229123,0.022364474770748627,0.03344100573250551,0.0,0.000174120535843296,9.426069456393283e-09,0.0,0.0026698884418039598,0.046790814339397115,0.0,0.017849301971031815,0.02877808025622915,0.016002502613173906,7.901371546171043e-07,0.030338826730076717,0.0,0.02452815212702205,0.011497725797413308,4.024251510916618e-12,0.009041285707573059,0.05368974063189078,0.0,0.030497800914147444,0.0,0.0,0.013519159412982066,0.0,0.0,0.02420353424552757,5.768604082644967e-06,0.1144367153557478,0.005792888833374549,0.004761590065599121,0.04284762874561487,5.458501326323723e-09,2.2617000231469794e-07,0.049030655385505405,0.031070725698445607,0.01688295806292349,0.006873825645157235,0.009564311203360496,0.003683576025290085,4.300300384048838e-05,0.0368328802203753,4.078271755969037e-08,0.0031128744750158924,0.02377252373355598,0.006959091071195404,0.010839117625650367,0.0076502366677801735,0.014091312963221147,0.049977941099578385,7.149355090818633e-12,0.014392799990368141,0.07491812981183375,0.03758823157679057,0.20214421694765178,0.01525398450355744,0.02625484744938405,0.053843560563937624,0.020603499899156875,0.0018753007226093659,0.025020136985438177,0.009859323921486583,0.0,0.01074931596291496,0.007836534011008782,0.020736614086828625,0.0,0.0,0.0,0.02014504723566769,0.02885606087341915,0.05224575490117244,0.031125902982581624,1.6376231218815607e-15,0.03578471698977491,0.057718406183955545,0.049697364475548,0.05425972298517841,0.009568566303269603,0.042590299264076606,0.023493901441050666,0.04449925828183573,0.03795295148277192,0.03829482024386094,0.016312651884233597,0.025469112860738056,0.03560051016512914,2.2556252843766092e-07,0.0,0.022739986873322522,1.0333700776781456e-10,3.694375018869716e-05,0.02138661067015344,0.007552226236601445,0.0,0.027027197901763868,0.0,0.008750832892415041,0.013138075558480393,0.0,0.010809813366240763,0.015284085363752947,0.0,0.03128723446816093,0.015710163227479708,0.08468512723697189,0.02987141255659894,0.010914521734538643,0.043952502819900575,0.0013394573151520517,0.008412928247553469,0.048216616915262495,0.0,0.0,0.22119273440170303,0.024547984017962272,0.06715774970247597,0.07625068055104248,4.518452236795514e-14,0.018495437041882775,0.0,0.03221550509853773,0.023640656528537574,0.0,3.0264482874294278e-05,5.746008154457116e-11,0.022790516124390904,0.0,0.0,0.0,0.02425335462665353,0.019940153102367294,1.0679685809150186e-05,0.032306876789586596,0.02702356587623292,0.2949246110448744,0.03915173148629143,0.005412743808397682,0.03362956413950921,0.0,0.007994853463268099,0.04726258853015046,0.06339620904938068,0.0,2.4604475053786907e-05,0.0008326909136662013,0.0,0.0,0.029118357316113747,0.012859488966606757,0.015233587842660054,0.016770223092382942,0.026819202990506948,0.02642798782488975,1.9291195138986844e-07,0.011628824006490856,0.002395143146955461,0.011505377051441525,0.0,0.01753952092045038,0.03046024415697412,0.002036899570204812,0.016202756495785214,0.017047926928456462,0.006158900517957501,0.05667192676472832,0.001694499956874512,0.004203247385787724,0.016872308671869493,0.01498182078028324,2.5071145133096504e-06,9.425355372081618e-05,0.016187199894598568,0.014452304595168641,0.02378120703204808,0.003001486510405423,0.026161762306585498,0.006409235181081971,0.0,1.0219098930896757e-06,0.034548468826762754,3.4970146673857344e-05,0.03996992726214271,0.0,0.0064378549535516714,0.0515151055002078,0.0,0.005036424245925006,7.126879734404356e-08,0.006768846737098778,0.01091771943050752,0.0,0.015543467911058576,2.661345826813583e-07,0.010918908153900637,0.018223882163237365,0.03633067022179836,0.031861191400905445,0.05158742769176627,0.04367114876609081,0.05062964542884779,0.0,0.0021865764771616214,0.0,0.003109508058492675,0.0,0.0,0.0028102868739460457,0.048912966253952014,0.02772371600754583,0.01484225763889094,0.04379416512643142,0.005339330403470799,0.006014486330579199,2.6414376382771184e-11,0.0,0.03318096610310929,0.012627053762414747,0.016081543008791256,0.021761501778574197,0.012794598883958551,0.01309534962907191,3.070777295978646e-16,0.037995102855524376,0.041479928585121756,0.01159174189807727,0.01964658079980976,0.047626893025322456,0.0,0.015610207382923945,0.036754704043045955,0.0,0.059617452232153915,0.024497345556575293,0.004747912509261244,3.726201547067391e-05,0.0,0.005761073620900189,0.0,9.511542861495812e-09,0.045539603167470986,0.028095428680565408,0.001877579438855218,0.028866369051610802,0.026377008935503342,0.05437697032721247,0.012162198947924514,0.006338701364075422,4.594119932663383e-06,0.0,0.0,0.014181703751473386,0.011750462428382633,0.022677408739651374,5.2828723461949364e-14,3.3578650089960423e-07,0.018243478030871937,0.030216825662313596,0.10981554816068494,0.011004819504975286,0.06522531131495754,0.0,0.0,4.637544256999637e-05,0.0,0.038663120008964845,0.04921177376962726,0.019795593534735,0.004964162789458498,0.015953363348342707,0.0,0.015984382687446515,0.0342804320649777,0.029887889245538337,0.0,0.027834550293278606,0.00010223916957468124,0.05659115268668469,0.004402116728140917,0.020909148271472715,0.0,0.0344305845352068,0.0,0.007732680867478079,0.033468260425661256,0.024507937805896687,0.0,0.022637186184384362,0.018104275956006426,0.04322811759713711,0.022387883631310952,0.03849312098244836,7.620357332800796e-13,0.00528373076406018,0.026767964970903686,0.025625672295386398,0.03813241080965949,0.0,0.013321318220950692,0.0404018280887306,1.512518764778905e-07,0.0,0.0010446163098275032,0.011924342960200411,0.02140617427426006,0.0,0.0,0.0,0.00456590624817795,0.0,0.0018555076743323158,0.059023278538443365,0.008732231228140042,0.0052098982694806515,5.9967066522151825e-05,2.155297412749717e-05,0.029908165606441883,0.033950028631854055,0.02047037114276008,0.0,0.0,0.000967364368359795,0.04406582646553583,0.0,0.014401365729206906,0.03013459652848021,0.0,0.05114269028317718,0.019799656099274986,0.022308678673244427,0.011259730200869634,0.010898971265627975,0.0,0.0,0.000655037974428612,0.020669549754586423,0.05249621620011931,0.013374297082715408,0.002336680775832759,0.0,0.030783598916626895,0.011917592642910993,0.0077993577278515705,0.006464491483262049,1.0802483189580712e-05,0.0,0.008719141447117457,2.9736658664369395e-06,0.009910500687078445,0.05470835638766176,0.06789447604520199,0.010177888067745427,0.004667585589801122,0.021250713793751142,0.01660443741570613,0.013671510856734058,0.016793572026316737,0.0069290840420421435,0.06743478528630636,0.016043266970517438,0.005075206307393019,0.04152801853614934,0.03670809330596659,0.0,0.028148547217266662,0.03327974296063615,0.0004773285558830559,0.002724937032248589,0.011439387774073276,0.03313744249039085,0.0007878793039372259,0.012755016108341715,0.01888274740440924,0.0,0.031738132862457746,0.0007037322011662542,0.006943163134409514,3.803344890592394e-14,0.009539311762420299,0.00016020021907787798,0.008924770290375132,3.1176211863717935e-09,0.058191426799620076,3.576175431219652e-07,0.020760662394541895,0.03905131483906721,0.03520445018831294,0.005242258239751964,0.008760145871928495,0.012753121280946123,0.038678385461051755,0.013713348623969397,0.0,0.0,0.056303734483379796,0.022088604914663554,2.767365651939304e-07,0.008864437166079516,0.025606480142812763,0.0,0.07253967138848096,0.0030128717866175726,0.02236192436805787,1.490685264920659e-07,0.013534297577046253,0.05205236116041081
Sig_12,0.02465183575053989,0.04695848496287522,0.01442881846759919,0.0033140006895484775,0.019599274586242717,0.010670964522235914,0.0,0.04155684724062832,0.024461750669492008,0.0,0.007484420366187077,0.0034766515723799966,0.0,0.03017664373905522,0.045568952123608855,0.04672248699453635,0.007673530227168118,0.007569795159466702,0.0,0.015974240822227318,0.0,0.03191625100007496,0.039105703204128095,0.0427694454990698,0.06179055893899209,0.021453576203329817,0.03711316805939464,0.008040141983965665,0.09423880229009289,0.08840959397213617,0.0057170365578627785,0.0,0.003562003065367781,0.03470249450664869,0.04228467063712608,0.014294404561458206,0.0,0.003656641196286852,0.006441341040038529,0.07567953294589091,0.018421210429172025,0.0,0.0,0.009788653744016546,0.0,0.03109588457492452,0.02323099047306579,0.0,0.010267904077527966,0.019551340294172166,0.008856323346162062,0.07307238927439585,0.0760319043868851,0.03724458746001637,0.010411995538378037,0.025456445854477407,0.026420658268624782,0.024387747413161194,0.009504558601879522,0.0,0.025769460170620755,0.009725755130800047,0.02543217588395557,0.03192383346051132,0.020184012145934092,0.011650114597707624,0.06229279558605013,0.05931020671828054,0.007690245616343898,0.031694934765108124,0.011650417061859698,0.025833953942623597,0.0,0.012142315829645374,0.03243812694404258,0.0,0.026507386523833318,0.0,0.0,0.021537330890021487,0.026341220892222978,0.0388740862415013,0.007456330587017141,0.011523990174258376,0.0,0.013506042755777862,0.025174814604474866,0.02025707039091349,0.0072233891184297705,0.024059155554857513,0.025551330309742385,0.029883122149361563,0.02799819566887334,0.0196745888410667,0.02440012630358237,0.03062970501966942,0.010120633614224453,0.013382581943270168,0.029090213124751844,0.012342872965496793,0.0,0.0,0.01612941384410546,0.005239373906306982,0.0030428979267234984,0.019164725408352873,0.04755296734729935,0.029810265152440465,0.08511927918789215,0.1005774375669343,0.019569348607440702,0.008965634136810098,0.023437310945765226,0.01334603923384945,0.021882603870720493,0.030925465798773456,0.03819343914326256,0.038383481054308784,0.009239040802878356,0.0,0.0,0.020108142771019657,0.006987293689520834,0.0,0.02127848349933626,0.02852500442237206,0.14050220874603528,0.03881568076874587,0.016862872120569795,0.02972243820639895,0.021340389124665547,0.029649284875107075,0.0210817509588398,0.0,0.027704263616441363,0.0,0.0,0.03735488368553769,0.012757830731811717,0.019383964805819737,0.029237341126484625,0.032027746915777706,0.0,0.052909882489658895,0.0381142692253246,0.010138155905280484,0.0,0.02435292512319547,0.011131992947233996,0.0,0.047306920349550065,0.0,0.0,0.023528282460971595,0.05674396387116209,0.023326395773784012,0.0,0.02243709665437882,0.018743316691995353,0.037432787629107005,0.03679891421288106,0.0342923263859712,0.02200223796918423,0.04497849150335186,0.04562728323927579,0.006718898577467581,0.02084755835395284,0.062250256263797606,0.004717995875470799,0.034463810607173545,0.02224042360975818,0.018030471446248225,0.012908189790918026,0.031069282658868495,0.03018519236966656,0.02970248640867558,0.0,0.028375129824532105,0.016320597873250204,0.0,0.015499298274471544,0.016521193459957843,0.023743885686199687,0.01924202359176472,0.015018147479930676,0.006268155852686687,0.01963037242223747,0.0,0.044010840235018424,0.0074943465964608155,0.0,0.00735100793493236,0.02325004054005394,0.04076845314941558,0.0,0.027359370340720245,0.07291582537758953,0.047086375172707744,0.010657526970568166,0.0,0.052350050266062924,0.0,0.0,0.02832322162364853,0.0241964332452719,0.0,0.006187646083159607,0.020480517355260245,0.08325859558976421,0.03888156082750087,0.02330521366207041,0.025957570767053902,0.057225871043282646,0.0033050300920985255,0.03869107585159426,0.018662245948073326,0.003950474357926323,0.004768962544783587,0.022459489688699378,0.015077991563190165,0.01708958113705188,0.007617334160023425,0.039498582824590435,0.0,0.06964501623928428,0.054321512643924874,0.03964221876529146,0.030808101869481574,0.014040186693469776,0.043562573623427775,0.0,0.02718918678788009,0.0,0.010480627084405787,0.0350578517799188,0.0063979906154825366,0.020344189543067714,0.028626941436011032,0.03856516340808529,0.03840640433400483,0.050508211388116,0.010277210181893705,0.02877767792665863,0.0,0.012466901993499157,0.017384802817482697,0.02435569581363796,0.04083152249427333,0.01375044305938967,0.01183394659709842,0.017564684117549734,0.030901744331712545,0.00998884568180007,0.05379104253253013,0.0,0.021301593988099686,0.02478577822905224,0.011453017567581566,0.0,0.004694577536632186,0.041538786731894824,0.0,0.04657112861195804,0.0,0.02029569039341237,0.017953452691447273,0.0,0.045852793363949984,0.04490450094218813,0.02573627647942583,0.015269002734029476,0.0,0.07034578927944007,0.026223580432383247,0.03827019827013824,0.015914813994977718,0.0,0.013815352831544215,0.030653739558901397,0.006861024773646113,0.010302467038963186,0.03292793735716946,0.008332442773106555,0.0062221874271068235,0.04108136132894559,0.0,0.01422843002588033,0.027510357011669494,0.008623695955501626,0.025952542440152538,0.04158727468141944,0.0,0.04009940052952658,0.013474445171079312,0.021861356776259108,0.020776981598731835,0.027907655176450358,0.0135540451945834,0.03154233902350853,0.02082208933512451,0.01691335385862006,0.021775686816882824,0.01541291405531531,0.022130980444805503,0.004261873612705546,0.004058348270234611,0.015240515265567687,0.0,0.010544198898793026,0.015951127416429775,0.014071457791833424,0.016093302973353863,0.03318303002355501,0.026779824331478037,0.04498710739882299,0.0,0.0,0.014170530749654874,0.02261422741143503,0.008076574794864507,0.03290537687561452,0.0,0.013114658063652966,0.054790187927309116,0.007608816895632801,0.0374896512300634,0.02873139458919721,0.012458049557355159,0.029995153675567668,0.05479552480546062,0.03966615194776545,0.024160967854661004,0.03654818400558154,0.08765695309442946,0.029067880233938817,0.009257122988302465,0.02764901450776898,0.018056611821241467,0.0,0.017762413028206758,0.026759472252564743,0.009031062205250623,0.04045097113504385,0.0,0.045247678047890656,0.02106147951894137,0.0,0.005833394329962087,0.007734331026095686,0.0,0.056157775534057534,0.052695930355155116,0.0,0.0053866699380017416,0.0,0.01739270366479853,0.012369445014644,0.01584274121344353,0.0,0.030195417497812085,0.02177161864151632,0.011373185925264246,0.02568262336728995,0.01785448886668776,0.011807227744013413,0.053606797402614564,0.017425737676810816,0.011060092738680138,0.030389400571617722,0.023667565320429462,0.0,0.04900390245155108,0.011526639161667072,0.14632510508875676,0.09841506116407761,0.011418676556679452,0.03016643728081943,0.018035981126957583,0.06463381586016517,0.007359669924977033,0.048739566877990664,0.017633058774553907,0.021079587499795965,0.0,0.008568516436944429,0.05199123407708029,0.020718404680152593,0.01335512818505313,0.020757601299286665,0.054122394872590386,0.007349734068336948,0.0,0.013196390876684653,0.010874973401420032,0.023915935298985898,0.0,0.04666879009874796,0.0,0.01957896080399059,0.04822238984216297,0.014998026291003781,0.01637518309674677,0.03392565519025138,0.0,0.0,0.025101805593325564,0.014672455863767534,0.06515062074020536,0.043460087497138214,0.028789691438040197,0.013848462929352932,0.010830167160638202,0.030187499201985126,0.060882015630598356,0.023106302710035425,0.0026366137730356462,0.056890700209033696,0.0,0.022281040612576603,0.04394926747490559,0.09515518307293751,0.0383683548604086,0.0,0.0,0.0032452819794763716,0.038451948630763566,0.02324240966035746,0.01728870593576643,0.04941153644609216,0.016296789994257842,0.04173813797656976,0.018801482292931715,0.0,0.03207273582346717,0.022648048909119676,0.043639511174244465,0.010386180276777084,0.0,0.014257170357770634,0.04446544820512542,0.037633671006093876,0.028769660429391455,0.012373610920842349,0.016425419162709832,0.010017942911839495,0.005390905780834943,0.0,0.0,0.023773895321451,0.06389773095151428,0.02875804213093929,0.029560531228193198,0.02419868048685003,0.01255984972547995,0.028799618390195958,0.026320061054947632,0.015590571413243916,0.04343888199323544,0.030116519939477393,0.009593044604793165,0.004887890403239567,0.020482727900529588,0.03566950251025192,0.018336440145963858,0.025613028434735383,0.00982347164002534,0.0,0.021881779199091997,0.027125966446462466,0.03564102847026259,0.028312270754564325,0.007871224737259288,0.025867024456310037,0.04655367479086357,0.05425959375294667,0.023672336150549953,0.02531512636525318,0.01194279242079254,0.025929781505889857,0.013366657780428408,0.006608895931991887,0.01371407615549516,0.05244253903022278,0.008867245796336406,0.009186253593972205,0.0,0.00863797923116246,0.01845038070736139,0.0,0.02691239407442111,0.0407153399711628,0.024313858391440974,0.026451846978542224,0.0
Sig_13,0.037305526717545355,0.030456468382128017,0.0583871789824274,0.010582933639105266,0.011702579622746234,0.03251527992001918,0.04744935213953245,0.0,0.0,0.0,0.012591544891658691,0.0,0.0,0.0,0.04001565451915548,0.07149337890269901,0.010416259775651185,0.07356448871952048,0.0,0.0,0.0,0.0317059595056125,0.019879735884514912,0.06041639964911429,0.0,0.0,0.0,0.022107316221627166,0.0,0.015556796423710963,0.0,0.0,0.0,0.01005115535981127,0.0,0.016581890573983127,0.0,0.0,0.0,0.0,0.006810677401708351,0.024437865855497433,0.030423707291646448,0.03196750300773634,0.02748703069085345,0.002626535904241978,0.049413236667384196,0.0,0.09943488689907805,0.03238771978594038,0.0400472131663877,0.0,0.0,0.01835931328173338,0.010590789218315083,0.012462370673782893,0.01335371199261591,0.0,0.02991963277255911,0.0,0.02183759898472583,0.007882171807343071,0.018179875524954283,0.0,0.015346026984354486,0.008215475869696728,0.0,0.017222343360565873,0.027195095041620775,0.0,0.010823875551599664,0.1355031003603248,0.0,0.015952629369638045,0.0,0.01517056745311936,0.01988585489883886,0.02218113980177203,0.05902792209750322,0.06047253880284294,0.006359056429978298,0.023071727481567522,0.022707654272806778,0.0,0.08494065988092157,1.6075360516036372e-12,0.014421344435344947,0.004884703148604472,0.006132433177865315,0.0,0.0,0.06795669121896804,0.010897181503820748,0.04393725000177893,0.031041561543915543,0.05752192276623859,0.06360671507196249,0.0,0.011243236109767104,0.0,0.020884421266703465,0.0,0.01489521257341468,0.023672338308435528,0.005104616251175323,0.026150051404527815,0.0,0.0,0.0,0.0,0.014303094834121122,0.03154381842268434,0.0,0.022756194000452132,0.01870755329071349,0.0,0.0,0.0,0.013592517819933852,0.0,0.0,0.08522874906736083,0.0,0.07249732892568116,0.006665565263155845,0.004890117106262832,0.0,0.032415959258622916,0.0,0.003396917219341783,0.0,0.0,0.01784973489919662,0.011962113974605034,0.0,0.02200811049782252,0.0831592187685248,0.0,0.0,0.011845117444784102,0.0,0.03555415529562911,0.0,0.0,0.0,0.0,0.0,0.0,0.0,0.002498496994145749,0.043969680469700574,0.018160563980551093,0.05148564303466474,0.018839711885623514,0.08074192224820884,0.0,0.0,0.01993026966484054,0.02660626526763257,0.08820227062186031,0.003906313375029786,0.0,0.0,0.0,0.0,0.023306346916955933,0.0,0.0,0.017742547487028713,0.12491605078578051,0.017632322966432825,0.0,0.001969120840896886,0.012495066220361119,0.011051132322425826,0.0,0.0,0.0012094789901657395,0.023907365065848046,0.0,0.013561026703819052,0.019075374673641513,0.034362277453298624,0.013471894272154396,0.13147570537358172,0.004861808507974959,1.1078934726575123e-07,0.0,0.0,0.0018605070165925671,0.0,0.02380009604800674,0.0055624054990084555,0.0,0.0,0.024630040691260034,0.0,0.0,0.014929109920140501,0.06649427760196805,0.031120234913305924,0.0,0.0,0.019549087025561337,0.012702732098296258,0.0,0.015226452166125734,0.01635144205466836,1.6827358142952224e-15,0.0,0.031437936463128854,0.02056766384457111,0.0,0.0,0.016992169530729212,0.038688679807686886,0.044585425648949295,0.0037648836816580647,0.0,0.0,0.0,0.022177732748461663,0.0,0.0,0.0,0.0,0.0,0.0,0.0,0.0,0.0,0.0,0.02227917369088858,0.0,0.031158695862161044,0.008002940040699076,0.022024649068677012,0.011497403878415163,0.0010426648346122185,0.3711160698093195,0.007944813135120682,0.019069174361589846,0.00941634736457644,0.0,0.008911205932944104,0.022698496569934563,0.0,0.0,0.039952907630314706,0.0,0.005211710045597026,0.009555486951536598,0.018818640135924998,0.0,0.0,0.0025490476354158315,0.0,0.022709898179385003,0.052652762953099605,0.05078983519029033,0.0,0.029725271261033692,0.0,0.0,0.005918451291722687,0.014929954707796206,0.0,0.022667407827251258,0.013511319810905241,0.017031382785340346,0.06557200886048427,0.0,0.00324666405773998,0.0,0.0,0.0254840446741784,0.04343566917139967,0.04164298896152806,0.10916488363225009,0.010563329593574474,0.04313848904015228,0.0,0.02409963944291443,0.028689217837580223,0.0,0.02750477663142665,0.026744594969523607,0.0,0.04761868823634441,0.0,0.03435614698842656,0.0,0.022822712583976446,0.013200506452906316,1.8993564360221737e-11,0.04536445673795134,0.055729901613769235,0.05074312199473451,0.025184711115369778,0.039468757058826534,0.032927174002346446,0.0018387859007297617,0.009355092624441126,0.0,0.04210540900255249,0.007821798859743233,0.02869558286442683,0.08544230869031143,0.026000594512191316,0.0,0.0005647018835045994,0.0,0.010943306346065433,0.0,0.009826731974906496,0.02201593331933832,3.3382306039624404e-10,0.025407268392228597,0.0,0.023236591793458446,0.0,0.098263137688735,0.012743162125490603,0.03329522583664161,0.023761421163101593,0.01862643727540381,0.0,0.0,0.0,0.0,0.007671040736900852,0.0,0.0,0.028196442953398355,0.032117607962176664,0.05288247142225599,0.0,0.0,0.0,0.0,0.0,0.01740946766799283,0.0082103121122399,0.033406602001896483,0.009994193270358357,0.0,0.04313973081390315,0.040425377959161325,0.0,0.0,0.029106428667220085,0.0,0.28682626584119036,0.0,0.04951811854734124,0.03969232438717137,0.08287331970548689,1.8950417071906702e-11,0.0,0.0,0.023002788969951535,0.02171078506870562,0.05199980394861201,0.00788474645949366,0.005322850283930506,0.0,0.009824298093534422,0.0,0.10724676736313517,0.027390819327448118,0.0,0.0,0.03165948856059686,0.0,0.11383952417647049,0.021878184554222153,0.0,0.0,0.0,0.018196743352255306,0.007225726688173491,0.0580349018579851,0.0,0.04465737454934569,0.05373132525574604,0.07119311638539028,0.026878085892497114,0.022155685962993582,0.0,0.0,0.022699386816233753,0.0,0.01278014956435905,0.038581958432569265,0.0,0.0,0.031128349457301942,0.05030769088960387,0.0,0.0,0.00962993499858461,0.006299084554930774,0.0,0.028669347924094556,0.0,0.0,0.0,0.0,0.0,0.0054645570959753476,0.02250165141123599,0.0,0.017485003958750526,0.0,0.0,0.0197071928599082,0.0,0.021254167781236167,0.021620851087032232,0.0,0.0,0.0,3.7669242058741765e-11,0.029652756188029976,0.013429019286867372,0.0,0.0,0.0,0.0,0.04725064497932073,0.0041480087312683435,0.013846302005464935,0.0,0.18295468084906402,0.0019651023103847576,0.0,0.018023194153211623,0.009124280139200453,0.0,0.010921990519309968,0.033264999571597474,0.005018441084866802,0.0,5.896614635706482e-05,0.0,0.029247170638914282,1.399060557480975e-06,0.0,0.0,0.016560659594993206,0.03234095939863757,0.0,0.008400280139847258,0.021044809573403156,0.0036756717291624727,0.0,0.007658084993051063,0.012665567384866152,0.023144667083874942,0.0,0.04260202214876663,0.032039062859785895,0.005638648420493493,0.0,0.0,0.0222246431911477,0.016278609137426035,0.004970295620575506,0.017319100724985076,0.0,0.0,0.0,0.005475348067838447,0.0,0.022161557567925153,0.023825682052226113,0.022773927765672535,0.01280778064008114,0.02503259320296958,0.011524392909800134,0.039008753863283056,0.0,0.03243922063150281,0.037372021516574996,0.0,0.0633271415397645,0.022323302411112432,0.0,0.036280684850972404,0.017861759808225075,4.224475777777336e-13,0.0,0.01392342448584453,0.01095859285209254
Sig_14,0.0,0.0,0.01287050695729924,0.02570114296543086,0.028646666656191214,0.027870061426408334,1.507255500415025e-09,0.08316551437001465,1.2819237490764033e-13,0.0,0.0172214493149204,0.045734058525385306,0.0,3.216263507593699e-06,1.3367003373215313e-05,0.004376818120292527,0.0372800384112347,0.037983745237167944,0.014352938417059938,0.05608731203462069,0.06520554067464247,0.03500417958552404,0.014056552362116117,0.0,0.06536846865915469,0.034264678842814776,0.0,0.014304333802499783,0.0,0.0,0.05831373030477618,0.0,0.0,0.0,0.028290228199884488,0.008732175864241645,0.0,0.015362979068591118,0.0,0.04134031369482052,0.00720824331711887,0.058898272210287005,0.01211184519108118,0.037009262750226174,0.0,0.0316560700713663,0.028662417298604106,0.0,1.1437349841305568e-09,0.04388354144774538,0.016781972528151657,0.07913957427185861,0.022859268246000878,0.09801164218195746,0.014754091943622753,0.014327329733292449,0.004389242664016207,0.005925263016165564,0.04190126172956174,0.0,0.04542440306939372,2.5473494955844924e-14,0.04595461211744322,0.0,0.0,0.04983446038108956,0.03367650403956181,0.023619065113952304,0.04024831201588897,0.014353328880332698,0.032419040614727765,0.0,0.02265773542468631,0.03607219543073949,0.024967299834584785,0.02789864115557605,0.030013199714592716,0.045183076715619365,0.03659023887445739,1.0085782906522021e-05,0.060736831261545575,0.0,0.005850165558221346,0.0007816557519810085,0.0,0.023068476859593443,0.011162615770740649,0.0,0.0,0.005411586089010752,0.02997159870768773,0.04475285057752098,0.02999245135165516,0.05023504147136219,0.03225376334197487,0.02226796171976874,0.01911805267975944,0.0,0.023157143353139176,0.06664971315488612,0.031325200792572526,0.00024055017037806183,0.03537028594016719,0.027794849464676103,0.037813652016161325,0.016618147279372063,0.0,0.03432216152541843,0.0,0.0,0.022378982684579298,0.017037471964142476,0.049190458913705694,0.038972022089534784,0.009504602403887697,0.03855155210919148,0.012585325993857388,2.7737815026382042e-11,0.025748751695715878,0.028192344125544444,3.822835126055391e-15,0.0,0.006075964957658971,0.0837560824291518,0.03143675463461603,0.0005434005567454963,0.0,0.0,0.007467059133210969,0.023889851144296363,0.023769480460486995,0.0,0.02137627412417066,0.07472067078645134,0.021593381627747477,0.0,0.0,0.0,0.0,0.03630705365346801,0.0,0.0,0.0,0.0,0.13725589638667393,0.02616699166195039,0.0,0.017533857756976343,0.027569238680803642,0.03489874275422368,0.06938197248910645,0.04911227326986941,0.0,0.0,0.019963450351982315,0.04718698460597229,0.0,0.028774679597815142,0.0,0.008814606570480821,0.026021516467274495,0.0,0.0,0.0,0.0,0.04456389434901805,0.00523707240777835,0.04404471918369877,0.028030027831220754,0.0,0.002112990275644859,0.0,0.0,0.0,0.0,0.0016544923235963774,0.0,0.0,0.0,0.0,0.01019758330089765,0.031373629048039635,0.0397892673021101,0.002845333085656774,0.0,0.012263895232021298,0.01317479002819843,0.03443407171848429,3.3847464854651845e-05,0.012758480193746905,0.0,0.01807957711957776,0.0,4.4756704772124224e-10,0.02964539182883679,0.00871878515940418,0.0,0.0,0.04054642859404805,0.0,0.030046348737133396,0.0,0.0,0.0,0.023718470061771964,4.779020573742427e-09,0.042154615495012406,0.012379518475265767,0.0206716783410219,0.0,0.01625688829729538,0.021383880063151096,3.30367915892162e-11,0.08795927038772386,0.043209080884724964,0.03582620489371405,0.014884086837654934,0.02811868937525247,0.006704396680386572,0.019260772020048316,0.0,2.1861648349257385e-05,0.017212712295327542,0.0,0.01531102425048402,0.06769431353297672,0.01075136076528109,0.045092647423173024,0.0,0.0,9.393682984119915e-15,0.029597757447056134,0.03141235715974189,0.0,0.07046574149420237,0.030996779974552927,1.5352369141206917e-10,0.06905290989237557,0.005761984229804537,0.0,0.05035042266329967,0.07689560314472349,0.021873970007731943,0.0,3.0455704665203154e-08,0.008994731731818065,0.021687608899333452,0.03454141991725138,0.019297686782584377,0.022734197976576737,0.017662935646825296,0.1464014645962364,0.0,0.006056454475081274,0.0075054514506244395,0.003203936303565232,0.025301488969326737,0.005151529145565147,0.0,0.06077623316579315,0.022415462781531306,0.10279912252032895,0.005179857507423417,0.0,0.03901601005850201,0.03930096185275626,0.010619986906399462,0.0,0.0,0.0,0.0,0.043887882180734715,0.03954207502107736,5.028835963072571e-11,0.10971892884788982,0.02081081552724452,0.048650720011422025,0.03028283279813593,0.026953587579644438,0.05341790096352911,0.0,0.017835253864829297,0.048665406271023316,0.04321399092699345,0.008247315124512381,3.075757424933685e-09,1.3742966881085909e-06,0.02436285002346691,0.04056346639531926,0.0,0.022368825479545197,0.08117862081533449,0.012221471625823823,0.043708138347194475,0.11165758279711928,0.06416796213510798,3.446617828159042e-08,0.06330107040639549,0.09036443988403632,0.010486983960014531,0.002627917478020462,0.006975795607011696,0.0119650908095139,0.03800763237794423,0.006069651647655673,3.754905262522148e-15,0.030178341799662146,0.06001235651538318,0.0,0.002117928366815467,0.03165941341618053,0.07222830459440645,0.0,0.0,0.023094009953694417,0.05017207811715616,0.0,0.016412666021570543,0.03097911838019168,0.06019972880471406,0.029095734612678212,0.04090753114505123,0.013851224928088372,0.0,0.02814826038485577,0.02439000590414319,0.0,0.0,0.010286456118896963,0.01468261750718117,0.0,0.030564600139289577,0.011707713454935077,0.04549411334011692,0.04937471115897711,0.07972324860390269,0.0,0.0,0.0,0.024365513881169303,6.277592203250276e-12,0.02151667355465647,0.0,0.014809945631100831,0.019544917910201583,0.0016793593777543606,0.0,0.0,0.03426063001371365,0.32076511512158296,5.0751435171828245e-09,0.03327181095996402,0.0,0.05576744407173817,0.026174521407807648,0.01726538269242842,0.013226167598205127,0.0105406158189651,0.0,0.0007331637629082327,0.01773197902832938,3.1786172951931304e-12,0.017818524730694965,8.837382169000703e-05,0.036417782473321204,0.0020617368620878254,0.024795458358812163,0.02626646593935836,0.012392312009910044,0.057395383901319014,0.04305224446710106,0.0,0.04871720342186344,3.565401530356821e-08,0.0,0.01509900540154648,0.0,0.025355205747563447,0.023176192764901953,0.021989262237797867,0.0,0.007350517472099462,0.02081056064610383,0.0206625184598004,0.1010712649896212,0.03884905784639125,0.04795224093750673,1.3478573735945622e-12,0.0,0.0,0.038075844388702054,0.0,0.0014804385372789554,0.0,0.0,0.0,0.04307286704480429,0.008356818543254435,0.0,7.224286307371348e-08,0.020436988953532912,0.03809443933197409,0.005580923467095204,0.021482823369129586,0.03199490095772405,0.006331674320071474,0.0,0.0,0.0,0.0020840423592913587,0.03953597233257128,0.052593664000788964,0.005540060042443616,0.04880386211563715,0.07767776501519724,0.0144545964371841,0.015562128267661325,0.03466063791647297,0.04214548346110498,3.6357658862601155e-06,0.0,0.0,0.016376250856876304,0.1294257050137961,0.025447528356797235,5.730641566284125e-05,0.0,0.11874257096329892,0.03284615354236733,0.011674364172429383,0.004202415694592644,0.08886973688923604,5.509640124669663e-09,0.027221497388667713,0.0039032285967086785,0.0,0.02159354113112032,0.029987886802449133,0.0,0.02595422412007045,0.08115178069496747,0.0,0.00029618863412071917,0.047333978838374195,0.060505834169511136,0.06143319917455617,8.318247096296103e-05,0.0,0.03821270024542029,2.4124414964062193e-08,0.0011885500946129523,0.0,0.0,0.04786517025638683,2.5563244557480244e-08,0.019041672913756563,0.011032324517557208,0.0,0.008019342841815585,0.10296144686879014,0.01971307674440141,0.030045493522916942,0.0422546129045289,0.0,0.032947591810641094,0.040969717853254164,0.03149766126341322,6.563267489389893e-05,0.0073677653207852595,0.010510042661007014,0.04347581163828049,0.026924792490909902,0.0,0.20006213237562745,0.019845461155071735,0.022477688770037158,0.05299999294802605,0.023685148870750867,0.03242470096548212,0.03363044390812063,0.0,0.0,0.017614400688468205,0.027335620782765545,0.020761375851139525,0.013408180769608067,3.170255814607254e-06,0.03956919941901286,0.0,0.00556567457545219,0.0,0.0,2.7344105582705757e-16,0.07062012416923866
Sig_15,0.030726355098594563,0.01965836575626559,0.03450061377080059,0.015749080405195865,0.01628018070964065,0.010850383152386622,0.020867841164131495,0.025686290213583974,0.00462436910750092,0.0960068936538329,0.03445498929754628,0.04076741930934433,0.05253787080798325,0.0,0.0018388641160085105,0.029296409246145683,0.021139703242060076,0.03524244988746144,0.009250770307443886,0.09068930345474148,0.022527684000605452,0.034706242244116926,0.009404707509547106,2.133688468312488e-06,0.02064242906899976,0.0,0.00956081803324201,0.015512877440211634,0.0,0.012788135414427363,0.012971115403356437,0.0,0.01497201341462788,0.00647712144517469,0.01914311809720059,0.018180942380040324,0.037907709077100435,0.003592271344747099,0.0,0.02946009311524524,0.014987721396256265,0.025607728797073622,0.02434465064699478,1.553913477721697e-11,0.016246327570628678,0.006809114891412168,0.01468647108581581,0.08596790091416871,0.03126458593242274,0.03274025363607533,0.05555383998842791,0.01199449216743181,0.02789831726175454,0.0,0.007757941719355826,0.0,0.00877568116418446,0.024648109792028097,0.0006312964835726117,0.0,6.988125046549787e-05,0.006511341361102324,0.027880405669155048,0.03670143774004184,0.01070342880437155,0.02028983762257571,0.020318995353689688,0.005057240769234578,0.04692847067424022,0.06362334813179825,0.025893335940463693,0.0,0.014208247007729918,0.01890731784656138,0.010322902281859175,0.04933496441478685,0.026653400902003348,0.010810079551962665,0.01774154068091165,0.0,0.005750554304110056,0.04089352676929576,0.0636175888168247,0.0067960167919548925,0.03373925607165509,0.0,0.029103220767340527,0.03962534170020853,0.05950812593256559,0.010163757256946043,0.026157011847588688,0.027872160866411443,0.038601148572454703,0.006041838922444554,0.0,0.05018356496837077,0.003718216660942624,0.00977328198678793,0.01170890502651029,0.02565281728502728,0.04324771103430521,0.0,3.1832601707615303e-11,0.0,0.008215578340326827,0.015278968238487164,0.04290903923061255,0.010160187397690978,0.0,0.011932749975872911,0.01796237763278105,0.016432040765248353,0.0,0.02457977235366239,0.0030318083644310396,0.0016763257521649286,0.03772683739230865,0.04442570098682461,0.039804579276261555,1.8850893325118744e-07,3.1871951414677185e-05,0.0,0.0,0.03243728301597878,0.009883580500068411,0.009451420553218749,0.04929989479242865,0.1072130129302983,0.003897044341995068,0.01754055066108969,0.0041778427814805836,0.011642553288363942,0.0,0.0,0.045935085895081995,0.003176301856975517,0.011045225538024814,0.0,0.007671113040243744,0.036153867796927676,0.04055058721602662,0.018481674988414926,0.0,1.7388047665322314e-06,0.0,0.0029592680794884086,2.037680464365483e-05,0.0,0.032576621873777065,0.0,0.0,0.030966366528247906,0.051869933427507245,6.170600098593491e-08,0.0,0.027220782427680952,0.0,0.030449575420559007,0.014825203896143186,0.0,0.0,0.0,0.041198095072116886,0.031147556999276724,0.03457409042231983,0.011374448404195665,0.0,0.007604280303307056,0.0,0.04995024401861222,0.013878476298627922,0.0,0.0,7.046500473346682e-07,2.0038929010231563e-10,0.009154872064072306,0.013928389196904175,0.02370014775999082,0.1120968665474005,0.0,0.0,0.0034861860785548896,0.014922333516451076,0.020472434347187842,0.0,0.01046175748707739,0.01030754968059279,0.010792215091124404,0.0,0.01972237132883805,0.0,0.01621475736110448,0.0018540678918216318,0.0,0.006780646368671379,0.03097577749580105,0.0,0.0,0.007031575594426796,0.012258138372882312,0.05047568961141695,0.0,0.0,0.011530693172482695,0.026251301154835188,0.04475694212034446,0.02413254257639762,0.019985857525562783,0.07078909728622439,0.03203757036697208,0.013873431166716407,0.01668430665256577,0.03310389270039317,0.011865334177849423,0.0002503435918802857,0.024618500643811016,0.0287365936829726,0.03379203862742517,0.012071773986461198,0.010176471012035547,0.06627041201747143,0.016882029732888104,0.009702899989367025,0.0,0.03219428474790868,0.03140651875385715,0.0,0.042827972089965145,0.0,0.006930097528737249,0.09384369224072078,0.010541370692692833,0.031475249008370544,0.04571867336083888,0.04337873531751504,0.01137925593262849,0.00019281021137646916,0.03050726141861076,0.024530227053976294,0.0,0.0,0.018319418442263424,0.0,0.01791863072230282,0.02913896029606468,0.010970842652153853,0.04895298721595751,0.04676821586622262,0.010783322792079683,0.0,0.00691765933524324,0.0,0.05561717663603424,0.016151653329171477,0.021687983026809427,0.0,0.009228580214550166,0.024291272760057832,0.10106956981005466,0.011914920894348393,0.0137942841533176,0.023189023543082794,0.0,0.0,0.01934080328376273,0.024659221954101737,0.0,0.0,0.048447275850432486,0.013776964698799903,0.025042648205342334,0.03842497122133135,0.010221846141640904,0.07305502984185697,0.0,0.021542581732473757,0.01603146024107514,0.022992983983975104,0.0,0.005613318740796426,0.02422780745656433,0.022483649354614187,0.013180785296649294,0.022088785531845914,0.02401243121270208,0.02140211043459384,0.0652501398373971,0.004158289974119899,0.0229331301502332,0.0,0.014313813062785374,0.03855961590969259,0.021721797391509257,0.019642925094940908,0.03428465339712261,0.015371431884423751,0.0,0.0005569903695628386,0.007298398753576846,0.015337433542928278,0.004934677758289851,0.0,0.0,0.0686776765895101,0.017027626544572287,0.015367067278443943,0.009867776605793287,0.03356833519528192,0.031089518157817086,0.007140518577902775,0.015012123431034885,0.008909981678004601,1.2728065739757801e-12,0.001186678815908422,0.0032857567492036725,0.0064726077496713675,0.0,4.23692735333268e-06,0.004341047030871851,0.015655642347217662,0.0,0.01601801537724603,0.024261892087256254,0.0,0.026849462598315464,8.086118332529093e-14,0.0,0.0,0.08204004119156426,0.027783367774808394,0.059402675634098956,7.9635449338328e-05,0.0,0.0,0.0,0.0,0.021179455741235982,0.01020107999504036,0.0,0.010264927028550593,0.0,0.07193448436027494,0.0,0.019027124664910473,0.0,0.014526681873985647,0.054104109798294144,0.026401058191523,0.025439552209527705,0.0,0.0,0.016840998840505373,0.0,0.007140554983183291,0.054415708736650255,0.0,0.0,0.04070189414716399,0.0448174744824861,0.0,0.0078758325793022,0.014834206395225251,0.051828741642271206,0.0,0.011694623504152337,0.0,0.02352519060184934,0.01574036905858514,0.0,0.0,0.03476934229903618,0.0,0.0,0.0,0.0,0.016357467137206216,0.0,0.044183511718143574,0.006285726746786619,0.035680013742654414,0.017626189391924472,0.051412976021357505,0.02726359729785428,0.023062713683864727,0.010936043688722676,0.040046577157889646,0.004744081224384317,0.017158188278532778,0.010274584977350266,0.0,0.030675877939966154,0.0,0.0,0.01859561153523113,0.026409639534802916,0.016600057506572192,0.05667248990509834,0.00712061486773048,7.425377469751996e-06,0.012470646744871779,0.023870455860143216,0.009312178207064372,0.027601788142797776,0.0,0.018021397354988353,0.028915210482476528,0.0,0.0,0.19621315757160865,0.009708731577926052,0.004996541741154678,1.5255311865244453e-07,0.0,0.0,0.0,0.011435042022389624,0.01705971902616825,0.018413881405420593,0.018290910444107116,0.0,0.08170316973522024,0.05487158025454327,0.02379704818934808,0.0,0.04010683068144318,0.019860597036563916,0.0,0.024264537131917726,0.0,0.01686246132710012,0.008949345091772186,0.01612318128104972,0.014697902832244314,0.0,0.0,0.04959605440488281,0.012036470217573014,0.03674977610321762,0.044503203719543645,0.0,0.026205029623896012,0.0005248797215577208,0.005465200727298463,0.0,0.04370295026609382,1.788303351144572e-05,0.05735906102293947,0.0,0.0028384491926492753,0.01629915199436928,0.012932826944041338,0.01037899020705943,0.0212831776681088,0.020964124766520608,0.012777980266513942,0.0359639631323538,0.014703836569184173,0.02085153349173708,0.027155551098874752,0.019802035799319353,0.018812041231432795,0.08861311045047991,0.0,0.011439849621573352,1.4433667816088764e-07,0.042136570941012544,0.01579617890734019,0.006225399773606951,0.010742244474079583,0.0254472780870811,0.0,0.010514729386357068,0.004254413772732181,0.0,0.029420613636799386,0.0499420557899317,0.03542460763499933,0.04393415718291063,0.015273309201653243,0.020847214133014002,0.010435443837335943,0.05606970109878194,0.018845960229102118,4.510108122515744e-05,0.0,0.1025569595736532,0.05360839407772221,0.005745375034268234,0.0,0.0,0.06723762184153988,0.0,0.012624889752826043,5.123400920763482e-07
Sig_16,0.02048113229149198,0.01414026368404413,0.03131246555709321,0.013730711365713402,0.010867212870611185,0.02393873090861558,0.08295852652072969,0.0,0.0037322486165877423,0.12007742181121701,0.010525072219259376,0.020954677785174916,0.0,0.0,0.08389639159946673,0.006062170578272527,0.02836115108421276,0.0,0.02211151640842902,0.0,0.04988124861123025,0.045968007231329926,0.0,0.06747354366296343,0.0,0.034819976895387454,0.051298331535360814,0.030720698512423823,0.0,0.0,0.0,0.0,0.0,0.006020012464939385,0.02593045948066433,0.011354169278070503,0.0,0.0,0.007475998952770954,0.0,0.0,0.03150669795808092,0.04135323574698145,2.9480827579093267e-16,0.02288498174738922,0.0028797340972153695,0.025646832117188958,0.014352594363777947,0.0,0.039456150258765116,0.05040746515772703,0.0,0.009855541446031742,0.03645715677330642,0.01609287245421858,0.07049680083836302,0.0,0.023705959792664072,0.014152350249444558,0.0,0.0,0.017845802175078584,0.02086848062635623,0.15548765799353234,0.03662016588858195,0.00836541170246338,0.029257620222671667,0.011057610232449774,0.017324464327475787,0.0570389330895083,0.020730716208276267,0.31630316767136996,0.05023619912450829,0.031183215608936447,0.09160504650420677,0.023994443533939345,0.0,0.03177210369057042,0.017955506730417493,0.06342426332753233,0.0023858929834060156,0.005903125369240929,0.0,0.0,0.01324141191667699,0.015721482347067176,0.020870022672250355,0.0036184419147609723,0.024216704225520483,0.036909385080666664,0.04747345693543914,0.02258334703221874,0.0383994157684519,0.0,0.0,0.005420967507646093,0.016795573779278414,0.020155389236930714,0.006164005303187239,0.007344697926142229,0.04193064389023634,0.0513078050055869,0.026343644542950583,0.0,0.028668935281101218,0.04431698184719259,0.018265722641206978,0.0656549257361265,0.03328453401348548,0.0,0.03649235709241806,0.029635700467600515,0.047951194465871816,0.038860239874776395,0.014581250731423507,3.410334784188226e-07,0.02521652599633581,0.0,0.01650759154983201,0.0,0.0,0.03661703876894081,0.0,0.09395512606619563,0.0,0.025896530685791678,0.0,0.0,0.014233392941308437,0.01709199688948878,0.0,0.005888895227058695,0.0,0.0,0.0,0.050963451207046824,0.021315729732662728,0.015049831719872262,0.0,0.038278078160411844,0.0,0.0,0.07949742079983974,0.014093709432351744,0.0,0.008505151519963838,0.00841705658463967,0.0048584313773653255,0.017674009397868503,0.037030372917185334,0.0,0.0,0.021534870278354237,0.01791189268047542,0.0,0.025742686175052435,0.0,0.014259909700064154,0.01356976501323149,0.03645772650791533,0.0,0.0,0.0,0.0,0.0,0.019553375650968405,0.011099759246526746,0.015768489124042506,0.06779130347851478,0.0,0.0,0.005906439228188173,0.005074809700774806,0.030507333348639993,0.011676054291798499,0.0,0.0,0.0,0.0,0.0,0.02075584757500742,0.0062193791619300845,0.02212067862711522,0.00710643713951985,0.015316101321005662,0.02571659333975068,0.01146389277075614,0.11791128576938918,0.014766427454031623,0.019144511851906482,0.0,0.00520068391695236,0.004574119371277713,0.0,0.0,0.0,0.0,0.019551836999156223,0.019427371911012757,0.022220263448296754,0.0042431619216099755,0.0,0.0,0.005264147885440974,0.0,0.0,0.024804817114032526,0.028785410327319343,0.008517577683161073,0.004828868697141897,0.0,0.006762488474493886,0.025185208000309663,0.01266854706136202,0.037402352276487166,0.024241689620870553,0.016419727232466052,0.03496279930899166,0.0056732242696591155,0.059538241841587305,0.0,0.025447511689958784,0.0,0.0,0.01203127106171036,0.04237443007503327,0.008166448229744551,0.0,0.0,0.03855316725648904,0.0,0.0,0.007097113728190383,0.030086111281507937,0.025169445962019605,0.03371510033565635,0.009952917890872675,0.00669946304766988,0.0,0.0,0.009125677682543023,0.045220745244082386,0.0,0.052964021224651714,0.0,0.0,0.036659973743031225,0.0460740447225613,0.012581620382882013,0.020261722413894737,0.04111338337117387,0.014309647354084677,0.026438436428068063,0.04594534042938231,0.02000131643159364,0.0025383056080762693,0.02936632051091931,0.011297108351904428,0.0,0.0,0.0,0.025085036802289757,0.0035280428377339186,0.0,0.025670035020146004,0.0404453611648522,0.0,0.02210851345200517,0.028848023001343797,0.016867693277574928,0.01040745907452202,0.0,0.019867070408770063,0.0,0.0,0.02288560853664856,0.06743456460739158,0.0248169475292051,0.06585713364832525,0.0319432249492809,0.006758159778734772,0.0,0.06031940514940077,0.015707989642883818,0.016614182151395863,0.003425647366045938,0.062162634252582546,0.014756772339548257,0.00871932349101588,0.030915711446764093,0.012217828586484389,0.0,0.013257725002941853,0.0,0.0,0.03358894565991193,0.05821477177598099,0.059694032760605226,0.0,0.014980974295780517,0.0,0.0,0.0,0.017012221578051896,0.04335211179523226,0.019478949147515426,0.04880891287017422,0.014815839975575817,0.011345440230805054,0.008555966035162637,0.027725418038648756,0.04559271857276785,0.0032529611539279337,0.005030839394635531,0.019539685468694373,0.0,0.0,0.009561385983286683,0.03152995388530443,0.031781946740235746,0.023248886254448868,0.0,0.044354903530676976,0.14949949789097933,0.021759276735971025,0.0,0.0,0.0,0.0,0.028157504602440226,0.017368981865757152,0.01467776811667058,0.03447911004936357,0.03299079371622299,0.0,0.009454233148212391,0.0422713927124094,0.0,0.0,0.00557954337984148,0.0,0.016359853421104822,0.0,0.028842218286177994,0.0061266421172946955,0.019596788573779375,0.0,0.0,0.014752493941331386,0.06610324575711911,0.024735611669032837,0.0034957592525864233,0.0,0.0,0.03128423093137499,0.009260641233020577,0.008769938896258624,0.02398960146380414,0.0,0.0,0.008665460530351011,0.06069871601319119,0.0,0.0,0.031241844729803774,0.09366544031449248,0.022880965549610423,0.018923128975005945,0.01164669979998438,0.0,0.04116877768726287,0.0,0.0,0.0,0.05473882847482475,0.03383310846964788,0.015332323107230593,0.0,0.0,0.0,0.012848087304183296,0.014399786229408183,0.009090674376034015,0.051262548149554006,0.0,1.3935675463945106e-07,0.0,0.027327059557436143,0.01109311512229101,0.0,0.06893867523140725,0.02024958185478318,0.07099716412435898,0.03230668523997477,0.05516155202954416,0.013510366753105699,0.0,0.01618264382849206,0.0,0.0,0.020782725133172468,0.0072668905002487676,0.020270482900128853,0.0,0.0,0.019683682522135603,0.01596308251016758,0.0,0.0,0.008956920025183404,0.012046086294463814,0.0,0.008000987901791295,0.0,0.02499213713640847,1.5070239644136827e-15,0.01566721452956497,0.016111359726751994,0.030439554362796828,0.005250126859980815,0.0,0.011970759374443831,0.030827050720636594,0.005604215614283038,0.0,0.0014626303027632293,0.07247733206324752,0.0,0.0,0.043362690763370015,0.025578303035833676,0.005663973123843061,0.04687243328043526,0.0,0.0,0.0,0.0795475389196334,0.006601904263335299,0.009008927908588964,0.0,0.0,0.015123371149947272,0.025463721720677502,0.04673349354621595,0.04123019447454697,0.0,0.0,0.0,0.011114604800828869,0.0,0.0,0.0,0.0,0.01646932567470554,0.009660019247592378,0.052162551384217264,0.022532066219366945,0.01910907147346548,0.021585229721784404,0.04564960910470983,0.014763118203609427,0.012204124750201363,0.00631495074056295,0.005893170197559262,0.007274353666454668,0.0,0.0,0.005636653331194103,0.007237656255020554,0.015761037414296054,0.0,0.0,0.005036684931215967,0.0,0.010957651776628052,0.027236706654554507,0.005623362578033078,0.020275771010079807,0.01556892042949399,0.020665067216829525,0.012651226437522329,0.02488340803428498,0.03587433681320959,0.010042928192883086,0.03475990657026202,0.07691765936425994,0.036703874091212396,0.004908931234193684,0.0,2.4112963558984535e-16,0.04378213743692124,0.0,0.006096242082333307,0.0
Sig_17,0.019410924323593926,0.050017010158327144,0.04642705226970144,0.015387293396525722,4.571702087247586e-05,0.026996729598378955,0.013138224839963814,0.0014823315782104276,0.0011781323648649466,0.015422795731366885,0.03713171167415857,0.05215169544153335,0.0,0.0108150554926125,0.03144983479755517,2.3134992202477388e-05,0.012345629777103252,0.023490167496874156,0.03151149415700149,0.0433342095092072,0.02172297694489999,0.01109917209606642,0.018814994162255988,1.820062080659531e-15,0.009176370859885078,0.041703980592681426,0.09094726976126452,0.027737790187089183,0.0,0.06894239498982802,0.027112582500501546,0.0,0.055154182855960375,0.01240453062663433,0.0490552782000658,0.013677681857130744,0.0,0.005777288873477541,0.04674902864657321,0.015044925159663361,0.006624263764363958,0.0,0.024346476600333553,0.07945472659298052,0.031140936365591388,0.015231994493969938,0.023615130784319337,0.07223055993635445,0.019215975589197486,0.0516908973107073,0.0024497506041756,0.049521756268179715,0.0,0.0,0.035356653175376465,6.423023526389575e-14,0.0071543267965131,0.003375632449685969,0.025387543298735115,0.0,7.410148663499393e-14,0.027570113114381973,0.03903708046551544,0.05128919122229713,0.03021921891360811,0.021823100976176797,0.03033699734933242,0.01812394648938001,0.0,0.009724026472356598,0.04442437789719909,0.0,0.02137177337665126,0.018964782590363077,4.930474211411196e-09,0.061908543612606934,0.04758212745880264,0.03344509362651754,0.008486933378279372,0.03037709643039267,0.008726147968363681,0.011080004977696596,0.04652998017512253,0.03528880972398721,0.010551363301717265,0.01060419446620709,0.01137948255453637,0.0,0.022552584466073868,0.0,0.03494807001717287,0.034658546288850546,0.015771400386775575,6.766579199219934e-15,0.03004213087127159,0.08268610798624527,0.03478596953330821,0.04544236337283609,0.004715763753253581,2.6400665128975232e-11,0.048187587898722704,0.042520038988604514,0.07623237830578998,0.0,0.016527059740783143,4.4287138243622805e-08,0.032273012985218626,0.015233327121005374,0.053501417358493036,0.0,0.04718398785636777,0.032745887134005426,0.02013603370354973,0.02295140148763796,0.03571878922249371,0.0,0.012085283777716602,0.011188348169613763,0.0,0.01636331936360354,0.0,0.045516088082876466,0.03115499726556113,0.0,0.0,0.005021791024238119,0.0,0.020276347830355652,0.0004721014412712833,0.03687848043290383,0.006744041786820694,0.014439714572297535,0.018227625148823666,0.08357882874980395,0.0005581827064118423,7.065231260945373e-08,0.03035238930402574,0.02569353249462141,0.02539671211483054,0.03789885092000533,0.0,0.06890850218529057,0.0,0.013944565437146632,0.017629187303640836,0.043788137047157595,0.013490536335533048,0.014279096551030601,0.04001315857582137,0.00013894703935430234,0.0,0.03291419094317145,0.015720567541187443,0.0,0.03370397928367548,0.0,0.0,0.03063719741447997,0.0,0.01008576807723168,0.0036169224156566222,0.0,0.0,0.04840310718046708,0.0,0.02574749908901637,0.0,0.017753548694024936,0.05469254782845203,0.0,0.1103730759513942,0.0,0.0,0.050899586809291145,0.0,0.02700537519302975,0.030183804469587756,0.03205423884158063,0.0,0.0,0.032116199686644475,0.005896489879169026,0.04612596095240664,0.025938574696880285,0.0,0.015398151903017562,0.02575718783865338,0.0,0.007618641488063374,0.017837426828643217,0.0,0.018147682056724602,0.03985559499628189,0.029776958152105442,0.0,0.05864999251477178,0.07152939226819627,0.01683111796010212,0.011584182775758785,0.1294755657766652,0.02685500835390174,0.0,0.0,0.01841126601750807,0.009598321468510342,0.0,2.2443877471672396e-10,0.0026890003355241163,0.0114812765673083,0.013021318778952864,0.0327546383260558,0.01600599891604466,0.024200962361058967,0.06452677092019132,0.02271975096437334,0.01484175131422285,0.010951851192360564,0.014300021416369666,0.0,0.0,0.030226149673976833,0.06980659680099706,0.0,0.0,0.0,0.051164404491518725,0.024110789558984817,0.014371398856291996,0.0,0.02127328090437138,0.0,1.974548243157502e-07,0.0219789526529297,0.02410039938900359,0.018638520352689935,0.013666201751413146,0.011154952329438852,0.0318855518845642,0.0,0.0,0.016250463402191377,0.02008455181518973,1.3616857069524353e-15,0.0,0.057272765623441885,0.03901252936869657,0.0,0.0,0.01845818339167974,0.03653835398157473,0.021055187170179845,0.0,0.006292022770251994,0.0,0.0037675772312534836,0.004452352430763607,0.027246255257307127,0.002703768231248271,0.0,0.0003906774675766006,0.02129157576948147,0.015668448714950906,0.02413947223797066,0.0,0.04948522677184782,0.012903173967070594,0.0,0.0,0.02678797344182903,0.029130915636069513,0.0,0.0,1.7322191860358412e-06,0.016456287845976848,0.09804372093930507,0.035415368179847015,0.0,0.013706017277685719,0.008372914107858342,0.0037455042167606266,0.03247602051908224,0.00529445309639987,0.022782653046832097,0.009921854509177597,0.014152183818210321,0.03287840428907032,0.07635276198410135,0.0,0.03260494993550228,0.0,0.02563207016800258,0.018721940547845692,0.015514661693501327,0.0,0.0,0.028949250795825353,0.0,0.004302376317266323,0.0,0.01790239698700841,0.023258954715125343,0.008489978392569498,0.0,0.03164235966643159,0.06788139395182037,0.05723145787295535,0.03832471006437464,0.037938826703589446,0.002743610054595938,0.009106255725792616,0.0020248304041023467,0.0,0.0,0.0,0.013476781327415479,0.0,0.0,0.019686981426433502,1.4981213321234432e-05,0.016712668480968196,0.049620674444071075,1.5995324148148203e-08,0.02301349194355297,0.028677794163256286,0.020104428478975384,0.008494130557705286,0.19109603371647843,0.0,0.038398529414529585,0.06378844570167033,0.015665702909521524,0.012342584606734194,0.02003083835802287,0.012271231665566177,0.0,0.09373152206535114,0.007686080480455267,0.08924626995073996,0.0,0.034794152798111745,0.003213364997558492,0.041444253014177146,0.006677839542477097,0.028607519016123576,0.03139867109583393,0.06469790977488579,0.0,0.04673317289863213,0.0023314362869511856,0.0,0.0,0.038716007416975486,0.0,0.016837112151521505,0.02607069582839392,0.0,0.042403654780433814,0.03463319053674914,0.0,0.0,0.05998154636845794,0.03040282735807905,0.05164697849515851,0.0,0.023131690309631178,0.022813047181207014,0.010758709038992797,0.04320531468512069,0.0,4.764821888875191e-10,0.07762581275403661,0.05689522243906426,0.011550370306450775,0.0,0.024218295156936312,0.033956167143242,0.006899501655624833,0.04184994708803908,0.0,0.03434694772362209,0.01356602478720835,0.0709336241007354,0.004556638287866188,0.09375888943589804,0.0,0.0,0.051645839764581196,0.05408430446700183,0.0,0.0,0.02034367140033325,0.0,0.037427527644802894,0.0,0.020714255835407525,0.0,0.04059197198967937,0.02230872044868629,0.0,8.344580207736344e-11,0.007257691078981172,0.06388610171155674,0.017191961957290842,0.0003122237195949272,0.016027449437641055,0.011472949545211985,0.0,0.0,0.06481366455036026,0.01354855981182564,0.0067081325228854054,0.010308388188362456,0.0,0.0,0.03600590784032562,0.0,0.0,0.004046022844176231,0.0,0.007296822878027362,0.0,0.0,0.010608175080721602,0.018783580258899164,0.01440559278427263,0.01900685192876933,0.0,0.0,0.0,0.020588737055578267,0.0,0.0,0.016091770275912177,0.021475436478488336,2.6496601000071827e-08,0.05436993219716884,0.019411276712440834,0.01639712943696047,0.026066567924045218,0.0022556039786081473,4.290206217158259e-10,0.0316066477990175,0.03808299203089027,0.04113241802571386,0.05176111911911069,0.0,0.0326309665871145,0.09140940832814211,0.010811809734747808,0.010958139892645215,0.026135469559411883,0.04738400892451059,0.0,0.031281654217936564,3.2275144057825373e-08,0.04226507428759337,0.02602008391313031,0.06892479850522944,0.02601860596094219,0.018392786107782586,0.013623703325093866,0.05182341208572753,0.043829393920775776,0.025936674708517644,0.007900656187309257,0.00014911035102409717,0.016844276401973324,0.00380691614723119,0.0,0.02346819024779208,0.0,0.014443326635329896,0.0,0.0,0.047547283466255495,0.006694059397076114,0.05084475753620019,0.024477441811340213,0.007197807531475473,1.1875128320447502e-11,0.018468822692944475,0.0,4.829971948226734e-12,0.07627439746050298,0.0,0.010380208936556175,2.7801140819184204e-10,2.8293344558511287e-06,0.009552071419746297,0.009205339355576025,0.043169495475083954,0.028930475744550568,0.04334128193619731,0.15863037189232734
Sig_18,0.007751742311638847,0.0,0.007691929862293425,0.03474502245356354,0.004872989333881912,0.008781065439151765,0.003091132434410059,0.0070659480175895165,0.0008425375287797438,0.0,0.043716278499174255,0.02594076056519102,0.020936292195984793,0.0236442396922882,0.0,0.015113914168394263,0.026025690452169434,0.02154307967061896,0.0,0.0,0.007354177802496026,0.054059870592998244,0.0,0.011814564205989555,0.024556015552034172,0.0,0.0,0.009063219062136666,0.2386814674517478,0.022532019896530708,0.0,0.16054627006328595,0.020658912551544614,0.009760106343606677,0.014693846050086104,0.053543109881008154,0.0,0.0,0.0,0.017363000920388488,0.0021464137660392414,0.0,0.01667784973070573,0.0,0.0,0.0,0.010561031086403402,0.018777855034837636,0.004631286841803824,0.011844593316282452,0.027538807879527033,0.0,0.0018004684925037283,0.0,0.01943577314077701,0.021141815028522155,0.015510522322105886,0.021043249361211387,0.013430484132341436,0.0,0.012398171435961638,0.01504331798586984,0.023564061940748716,0.03716035232896098,0.033788937167950436,0.004993439985240198,0.0,0.028051136164946734,0.019109773838492074,0.0,0.007822347757274016,0.0,0.01964194039455963,0.017065662991907753,0.0073575154613328714,0.017607421566406718,0.017838859029880666,0.019212125526901682,0.04086747056872713,0.0,0.026189915220694675,0.013788405343509266,0.006330992936041923,0.007299723788126243,0.031749527926473974,0.0007078670225028569,0.01658533477310671,0.0,0.005457289175139234,0.0,0.04007213826538758,0.019199091944145475,0.030096008109974367,0.009896924108716515,0.01098832295693554,0.0,0.015562508697068062,0.008726987015450698,0.0160119150176287,0.0308511668274655,0.009753749637994103,0.047895853126914474,0.004459513189897575,0.007660115538459421,0.010166412379823058,0.005566553453409436,0.0,0.0,0.0,0.03464367192122838,0.01864356668160054,0.01800454350481262,0.0,0.021393961024151163,0.006265889404654402,0.0,0.04018659040442375,0.0,0.0238567645007545,0.029050032643456847,0.01855323043642793,0.028621059782047514,0.0,0.009607625486940625,0.013949801471715697,0.007100422337073549,0.00493620902749976,0.013936514232307488,0.0,0.012402553052283714,8.820554541167999e-16,0.01119173381410816,0.03157051915354176,3.1359961594430935e-05,0.0,0.015001448368409012,0.0,0.024073254183548335,0.0,0.0042049195665233765,0.0,0.04863500272331311,0.060346138099330475,0.001616276636343104,0.053209081867776606,0.00525196878976376,0.022210890856517982,0.006335343174056614,0.0,0.0007206668583824208,0.0,0.0,0.03380576110857969,0.0,0.0,0.059067237914608446,0.0,0.0,0.02577073762938612,0.0,0.008413088621301431,0.0,0.0,0.009659483641060325,0.05267330924175164,0.0,0.010611196334954307,0.0,0.022541116308529743,0.00620051394031352,0.014034098856623276,0.0,0.0027562775713739587,0.0,0.0027192065380524577,0.019320358085482374,0.04081920564441502,0.051206592682566894,0.034921204945418866,0.0,0.012754461340495515,0.00890809865707213,0.014727113062412173,0.005278890571153849,0.029431801426608558,0.026394900350080113,0.02043561367063646,0.0,0.025163162108042588,0.00938152838764939,0.06336128970196014,0.029871834607698697,0.02629936582466478,0.02123376086420895,0.02098056208288343,0.027087318218433475,0.04756180653680278,0.0,0.008496804596063775,0.0,0.0053803354570478214,0.0,0.0549577641576485,0.020371152131830963,0.005189845252009308,0.0,0.028580901488330576,0.028898893102644856,0.006325188375693924,0.0,0.009795884216082833,0.01732256118218416,0.008012203046773678,0.0,0.025548234653505985,0.05392187311899736,0.01447004802949255,0.025632739594433972,0.0,3.231842398943645e-16,0.006145327627188945,0.011988831031796137,0.019744761794234456,0.0,0.0,0.0,0.02343345713972995,0.008480509526574306,0.027478883718045126,0.007408719506838661,0.012360469184831274,0.0,0.016248279275337205,0.0,0.07655872139663614,0.014632054352613784,0.025456583776345864,0.0032320587173170086,0.037012008850191416,0.048043545967539486,0.014228213143276375,0.04241616846097603,0.011129564072598588,0.0,0.0,0.01094233134339656,0.022207652566101087,0.0,0.02201197032601558,0.03154733204959151,0.02496820327596217,0.0,0.03125867236466828,0.0,0.03862664102719513,0.008770773867408892,0.04472574097371506,0.014354562832971656,0.012531642920950976,0.046890359000965935,0.010765086975602725,0.0,0.0012164743144197179,0.3040564775554595,0.0035464596468841214,0.0,0.13607746786953037,0.011015245350976373,0.015939442011064255,0.011154990596870133,0.010222211235188955,0.0,0.024649302782400056,0.0,0.0,0.01002833173266488,0.009304939130834263,0.010460730917935842,0.05137087879062868,0.010326883084338132,0.011380205869586543,0.008811463678848214,0.01509639285906814,0.010272085599813498,0.01248905440174857,0.02638715902369277,0.008439308630106139,0.010335263634511864,0.011602208374576505,0.0,0.0,0.0,0.014342103265488976,0.0468890700121215,0.02617052049225736,0.021186700343862473,0.0,0.008475799348385183,0.0,0.0241966470963966,0.025722419427050197,0.0022255164241670234,0.09352285384023269,0.006545272345413976,0.01750809633164893,0.01838784464925879,0.02927366486241491,0.006365390280600425,0.005683777895654211,0.005361713271790015,0.028635373486127526,0.006959195337191527,0.007413721821189748,0.0019399322786710768,0.010260478617613982,0.02846226882808517,0.0,0.010757835768054183,0.0,0.021216006210503856,0.03928393636135103,0.0,0.013329305470552558,0.0,0.023605990343991825,0.025040658290310682,0.056383661258696434,0.0,0.010886545537753783,0.01358336615107374,0.01619347470464204,0.016425973261572944,0.032924931188576326,0.0,0.014910645306915488,0.018686488540238442,0.0,0.07344218717606588,0.0,0.023112132209360304,0.005091334958037927,0.016611201216532395,0.014230314815946821,0.018095686415903964,0.039420788551392194,0.027419759866500505,0.01254887969555363,0.0,0.026011969579471297,3.5088112460400786e-14,0.0,0.04071648177801019,0.0,0.03533544795545741,0.008869466668829812,0.023408044675711105,0.005401865384360412,0.025843037218534027,0.08958063386900535,0.08109087926413705,0.03297062109958652,0.03335344397658405,0.03783864773099336,0.005860991759852923,0.01890714969353106,0.00752552660286255,0.015084254548407276,0.0071249615358142315,0.0,0.023165543431411396,0.0,0.012073404742796324,0.005220425277291699,0.0,0.0,0.009759424972614382,0.0,0.045459275289815436,0.025313239400907146,0.017457768990045558,0.012492762659652943,0.018493089928336096,0.03459976077659664,0.02838533438034866,0.025965916593568117,0.021569669060125352,0.008926005995106474,0.012738843749679851,0.009631638775202218,0.03357229169751931,0.02620193689008899,0.0,0.004617272796118533,0.014510484617605285,0.0,0.0,0.0,0.0,0.009873698583991114,0.007643441131437101,0.0,0.0,0.014042060473836573,0.0,0.00307579377933449,0.0,0.00795100438075286,0.0,0.04000780953351624,0.010708756178894602,0.024621882472255652,0.04088839492425178,0.0,0.08218567185281841,0.0,0.04605040276612491,0.03604831076525565,0.007832244406660152,0.0,0.0,0.08403393754791284,0.013041694052068393,0.03677336124454855,0.0,0.01977964910433656,0.0025220072346524565,0.0,0.0,0.0,0.014325534702704595,0.0,0.0,0.04845459547872191,0.0,0.0023743188485683664,0.0,0.03470939225994599,0.0,0.0,2.484799924692234e-12,0.00835830483050667,0.008813733857184662,0.0,0.026005284805452077,0.024166480212273383,0.010404917233911869,0.015689637663846616,0.0,0.012330875327106227,4.805434792351216e-07,0.009913397053175696,0.03586376995106179,0.005739592374238601,0.030230727590588605,0.01577799954688575,0.017895152392837392,0.010423004297176816,0.02750252653190069,0.03674125463199434,0.024814218934709975,0.0,0.0,0.005686352511337363,0.003083899651905098,0.0030784928677069583,0.0647457129379864,0.0,0.008272138185636426,0.014069478893164433,0.01570584856165665,0.03576254251099951,0.03102741073936615,0.0,0.0,0.0,0.020433877015457177,0.027836398752136626,0.012005961131296036,0.004281958155831381,0.024762285719214547,0.00689177536302391,0.02294459860274118,0.02016582754567133,0.00911923767563833,0.015112348663194773,0.059013560779382364,0.011508049896123083,0.022490404042718452,0.012024580138407289,0.012531942297017354,0.0,0.06931251998964731,0.02062815250923705,0.0
