Sample Names	MutationType	SBS96A	SBS96B	SBS96C
TCGA-4P-AA8J	A[C>A]A	0.25682866483761113	0.6112616022535128	0.13190973290887598
TCGA-4P-AA8J	A[C>A]C	0.047371859053540404	0.8170449024611379	0.1355832384853216
TCGA-4P-AA8J	A[C>A]G	0.050516288504587045	0.8969626862236584	0.05252102527175455
TCGA-4P-AA8J	A[C>A]T	0.04554695085773533	0.8573568121610627	0.0970962369812018
TCGA-4P-AA8J	A[C>G]A	0.932446996320797	0.06596103536475094	0.0015919683144520588
TCGA-4P-AA8J	A[C>G]C	0.2660162780451002	0.6008867556783958	0.13309696627650397
TCGA-4P-AA8J	A[C>G]G	0.21731493340286687	0.6792608558259561	0.10342421077117707
TCGA-4P-AA8J	A[C>G]T	0.23049716741916554	0.4231456053866744	0.34635722719415996
TCGA-4P-AA8J	A[C>T]A	0.7370400407967654	0.10666033230019976	0.15629962690303476
TCGA-4P-AA8J	A[C>T]C	0.11595485964481969	0.4021527728996585	0.4818923674555217
TCGA-4P-AA8J	A[C>T]G	0.11729942816917466	0.16625525178027062	0.7164453200505548
TCGA-4P-AA8J	A[C>T]T	0.0744245692772994	0.4201496763653273	0.5054257543573732
TCGA-4P-AA8J	A[T>A]A	0.005729013862239064	0.6539617744413152	0.3403092116964458
TCGA-4P-AA8J	A[T>A]C	0.02563505808690597	0.5396233490799309	0.4347415928331631
TCGA-4P-AA8J	A[T>A]G	0.055122681385126084	0.673310523520814	0.27156679509406
TCGA-4P-AA8J	A[T>A]T	0.05922074373819771	0.34786616917884605	0.5929130870829563
TCGA-4P-AA8J	A[T>C]A	0.0	0.49511813046893166	0.5048818695310682
TCGA-4P-AA8J	A[T>C]C	0.06024942620363139	0.3817356464202675	0.558014927376101
TCGA-4P-AA8J	A[T>C]G	0.042946077574353085	0.566495517322758	0.3905584051028888
TCGA-4P-AA8J	A[T>C]T	0.08426443630122739	0.2742327990072634	0.6415027646915091
TCGA-4P-AA8J	A[T>G]A	0.07937277533205445	0.41153860961926236	0.5090886150486832
TCGA-4P-AA8J	A[T>G]C	0.12523891272951232	0.2382616003811592	0.6364994868893286
TCGA-4P-AA8J	A[T>G]G	0.08799151962538168	0.4229639716524914	0.4890445087221268
TCGA-4P-AA8J	A[T>G]T	0.001295835299963165	0.06736298963484331	0.9313411750651935
TCGA-4P-AA8J	C[C>A]A	0.10530773987471861	0.8583302049386933	0.036362055186587985
TCGA-4P-AA8J	C[C>A]C	0.0005775887690488718	0.9994033186899615	1.909254098968163e-05
TCGA-4P-AA8J	C[C>A]G	0.04034720069880735	0.9583421467488311	0.0013106525523615925
TCGA-4P-AA8J	C[C>A]T	0.012389720197880538	0.9706738042224093	0.016936475579710075
TCGA-4P-AA8J	C[C>G]A	0.6445278154832731	0.3484289058934669	0.007043278623259873
TCGA-4P-AA8J	C[C>G]C	0.04313946633849794	0.9506627040885043	0.006197829572997829
TCGA-4P-AA8J	C[C>G]G	0.14059046158618554	0.7547707245258017	0.10463881388801277
TCGA-4P-AA8J	C[C>G]T	0.18920519314870443	0.699869416818959	0.11092539003233656
TCGA-4P-AA8J	C[C>T]A	0.5483626863741321	0.07224984150642438	0.3793874721194434
TCGA-4P-AA8J	C[C>T]C	0.14340331299764894	0.13019027819469525	0.7264064088076558
TCGA-4P-AA8J	C[C>T]G	0.21867751797346704	0.035142630789806645	0.7461798512367264
TCGA-4P-AA8J	C[C>T]T	0.1519400530609018	0.15219146147598075	0.6958684854631174
TCGA-4P-AA8J	C[T>A]A	0.005654459340171082	0.8845341334358823	0.10981140722394662
TCGA-4P-AA8J	C[T>A]C	0.02550911385096784	0.8004159128679454	0.17407497328108668
TCGA-4P-AA8J	C[T>A]G	5.977938866656976e-07	0.9728288279696818	0.02717057423643147
TCGA-4P-AA8J	C[T>A]T	0.01748919639294519	0.7336390422349344	0.24887176137212058
TCGA-4P-AA8J	C[T>C]A	0.03398392900027265	0.6226896678981203	0.3433264031016071
TCGA-4P-AA8J	C[T>C]C	0.09374258127935962	0.4186190087857037	0.48763840993493657
TCGA-4P-AA8J	C[T>C]G	0.012520594139904981	0.7003720863314605	0.28710731952863455
TCGA-4P-AA8J	C[T>C]T	0.04412054457330483	0.5189868031885266	0.4368926522381685
TCGA-4P-AA8J	C[T>G]A	0.00042477282180574836	0.6153832602753105	0.38419196690288376
TCGA-4P-AA8J	C[T>G]C	0.022990240507801938	0.695481480583604	0.28152827890859405
TCGA-4P-AA8J	C[T>G]G	0.028300580019071302	0.7069140580498856	0.264785361931043
TCGA-4P-AA8J	C[T>G]T	0.034122255572216716	0.38914373463395985	0.5767340097938234
TCGA-4P-AA8J	G[C>A]A	0.20843016148118373	0.6217761418259726	0.16979369669284367
TCGA-4P-AA8J	G[C>A]C	0.052745454458042663	0.8467556218761401	0.10049892366581724
TCGA-4P-AA8J	G[C>A]G	0.032662649463512154	0.9662519076448932	0.0010854428915944923
TCGA-4P-AA8J	G[C>A]T	0.08390446365827857	0.7181639545619327	0.1979315817797888
TCGA-4P-AA8J	G[C>G]A	0.7364551511041528	0.23949715943209945	0.024047689463747635
TCGA-4P-AA8J	G[C>G]C	0.04703292531246339	0.7778647989742475	0.17510227571328907
TCGA-4P-AA8J	G[C>G]G	0.03879105568186893	0.9583477082481895	0.002861236069941515
TCGA-4P-AA8J	G[C>G]T	0.17278689721668378	0.6235315040342785	0.2036815987490378
TCGA-4P-AA8J	G[C>T]A	0.541878519988344	0.17518821408381585	0.2829332659278402
TCGA-4P-AA8J	G[C>T]C	0.10420077621458904	0.3517221332867411	0.5440770904986698
TCGA-4P-AA8J	G[C>T]G	0.15805211713528391	0.16411188812507627	0.6778359947396398
TCGA-4P-AA8J	G[C>T]T	0.09264394686647304	0.4409843869910865	0.4663716661424404
TCGA-4P-AA8J	G[T>A]A	0.040467598883538125	0.673611929961277	0.28592047115518493
TCGA-4P-AA8J	G[T>A]C	0.09922085516465891	0.671620007881492	0.22915913695384912
TCGA-4P-AA8J	G[T>A]G	0.05952991536140977	0.8278422964143363	0.11262778822425396
TCGA-4P-AA8J	G[T>A]T	0.06159904448042071	0.45139733714420216	0.48700361837537703
TCGA-4P-AA8J	G[T>C]A	0.12599612651415204	0.4089477888904035	0.46505608459544445
TCGA-4P-AA8J	G[T>C]C	0.13694463881171612	0.17441120215850187	0.6886441590297819
TCGA-4P-AA8J	G[T>C]G	0.0390481199187949	0.5349216791018166	0.4260302009793884
TCGA-4P-AA8J	G[T>C]T	0.17937914397070961	0.2905212209794791	0.5300996350498112
TCGA-4P-AA8J	G[T>G]A	0.0012430386283126364	0.47072261956305944	0.5280343418086278
TCGA-4P-AA8J	G[T>G]C	0.1663945539573389	0.20828973677736695	0.6253157092652941
TCGA-4P-AA8J	G[T>G]G	0.12899993576232208	0.6361088742805143	0.23489118995716368
TCGA-4P-AA8J	G[T>G]T	0.014293499953343508	0.2599575538357375	0.7257489462109189
TCGA-4P-AA8J	T[C>A]A	0.4467714907239219	0.43305494056838273	0.12017356870769538
TCGA-4P-AA8J	T[C>A]C	0.23863119567533198	0.6089829833555855	0.1523858209690824
TCGA-4P-AA8J	T[C>A]G	0.13979653822929283	0.8358420477420916	0.024361414028615445
TCGA-4P-AA8J	T[C>A]T	0.21849404336606407	0.6623592444638869	0.11914671217004888
TCGA-4P-AA8J	T[C>G]A	0.9984148731594253	0.0015834827000919783	1.6441404825410558e-06
TCGA-4P-AA8J	T[C>G]C	0.7943637259042232	0.19931761203175527	0.006318662064021528
TCGA-4P-AA8J	T[C>G]G	0.6173325130935209	0.3804571212468834	0.0022103656595959397
TCGA-4P-AA8J	T[C>G]T	0.9347423761038379	0.05051593414266092	0.014741689753501238
TCGA-4P-AA8J	T[C>T]A	0.9454054780440861	0.0006529453214111526	0.053941576634502775
TCGA-4P-AA8J	T[C>T]C	0.5433325080366137	0.16119939440733402	0.29546809755605213
TCGA-4P-AA8J	T[C>T]G	0.5692865770790293	0.07056447533378639	0.36014894758718424
TCGA-4P-AA8J	T[C>T]T	0.7424234713059386	0.0897085653319602	0.1678679633621012
TCGA-4P-AA8J	T[T>A]A	0.04622146137584915	0.6939550972351096	0.25982344138904134
TCGA-4P-AA8J	T[T>A]C	0.028285891599029066	0.7815155243158002	0.1901985840851708
TCGA-4P-AA8J	T[T>A]G	0.04648604996623069	0.8316690432006683	0.12184490683310104
TCGA-4P-AA8J	T[T>A]T	0.04506052757369657	0.6798351375727465	0.27510433485355695
TCGA-4P-AA8J	T[T>C]A	0.020093876571971155	0.7050416398407584	0.27486448358727056
TCGA-4P-AA8J	T[T>C]C	0.039686313960463286	0.48283732110840455	0.4774763649311321
TCGA-4P-AA8J	T[T>C]G	0.07581297217652845	0.6502329191183659	0.2739541087051057
TCGA-4P-AA8J	T[T>C]T	0.005581410328843578	0.4156012560961613	0.5788173335749951
TCGA-4P-AA8J	T[T>G]A	0.012549857124275195	0.6929632437430657	0.294486899132659
TCGA-4P-AA8J	T[T>G]C	0.14205019380329997	0.3352850276844461	0.5226647785122538
TCGA-4P-AA8J	T[T>G]G	0.015838405990038065	0.7409002026129403	0.24326139139702166
TCGA-4P-AA8J	T[T>G]T	0.08122587881615755	0.4672864563833872	0.4514876648004552
TCGA-BA-4074	A[C>A]A	0.13031283140945635	0.4334983642304144	0.4361888043601293
TCGA-BA-4074	A[C>A]C	0.02285215363199023	0.5508955850331403	0.42625226133486943
TCGA-BA-4074	A[C>A]G	0.03068113867661213	0.761431914720634	0.2078869466027539
TCGA-BA-4074	A[C>A]T	0.024270125361048382	0.6385442147320999	0.3371856599068516
TCGA-BA-4074	A[C>G]A	0.9009007713145343	0.08907522517051977	0.010024003514945968
TCGA-BA-4074	A[C>G]C	0.13480875589279182	0.4256172096430442	0.43957403446416393
TCGA-BA-4074	A[C>G]G	0.11805788295177232	0.5157730768148941	0.36616904023333346
TCGA-BA-4074	A[C>G]T	0.07485681635783355	0.1920756251222482	0.7330675585199182
TCGA-BA-4074	A[C>T]A	0.38695057783646714	0.07826795924200776	0.5347814629215251
TCGA-BA-4074	A[C>T]C	0.030365922268535225	0.14719913212538338	0.8224349456060814
TCGA-BA-4074	A[C>T]G	0.02337192611626031	0.046301029028606305	0.9303270448551334
TCGA-BA-4074	A[C>T]T	0.018815090597419717	0.14846041757036396	0.8327244918322163
TCGA-BA-4074	A[T>A]A	0.0018259198810000408	0.29132038031716323	0.7068536998018367
TCGA-BA-4074	A[T>A]C	0.007094986022250138	0.20874910962962723	0.7841559043481227
TCGA-BA-4074	A[T>A]G	0.01992836760562409	0.34023066445390937	0.6398409679404665
TCGA-BA-4074	A[T>A]T	0.013430242563356985	0.11026529769252716	0.8763044597441159
TCGA-BA-4074	A[T>C]A	0.0	0.17377260755469268	0.8262273924453074
TCGA-BA-4074	A[T>C]C	0.01424188041337907	0.12612285588628366	0.8596352637003373
TCGA-BA-4074	A[T>C]G	0.012705761097434919	0.23425578193749433	0.7530384569650708
TCGA-BA-4074	A[T>C]T	0.018128027866500307	0.08245980379402783	0.8994121683394719
TCGA-BA-4074	A[T>G]A	0.019981253167274653	0.1448032811685802	0.8352154656641452
TCGA-BA-4074	A[T>G]C	0.02718810513290537	0.07229535040578053	0.9005165444613141
TCGA-BA-4074	A[T>G]G	0.022758462172702068	0.15290515612449473	0.8243363817028032
TCGA-BA-4074	A[T>G]T	0.00021018927374568346	0.015272099924202458	0.9845177108020519
TCGA-BA-4074	C[C>A]A	0.06829392062657404	0.7780236697363895	0.15368240963703653
TCGA-BA-4074	C[C>A]C	0.00041327876120534604	0.9994976900720108	8.903116678374893e-05
TCGA-BA-4074	C[C>A]G	0.029060800229441304	0.9647869249894393	0.0061522747811194834
TCGA-BA-4074	C[C>A]T	0.008374343669340248	0.9170209358499497	0.07460472048071014
TCGA-BA-4074	C[C>G]A	0.5474014794784394	0.41361391380537854	0.03898460671618212
TCGA-BA-4074	C[C>G]C	0.030545955142586706	0.9408536151978544	0.02860042965955894
TCGA-BA-4074	C[C>G]G	0.07488249346718505	0.5618962680598095	0.36322123847300547
TCGA-BA-4074	C[C>G]T	0.10009109456538727	0.5174829706629615	0.38242593477165127
TCGA-BA-4074	C[C>T]A	0.1756530762743015	0.03234755232065042	0.7919993714050481
TCGA-BA-4074	C[C>T]C	0.0283437671380241	0.03596612107943445	0.9356901117825415
TCGA-BA-4074	C[C>T]G	0.04262120690178522	0.009573539593981033	0.9478052535042337
TCGA-BA-4074	C[C>T]T	0.031010074428021363	0.04341476782658809	0.9255751577453905
TCGA-BA-4074	C[T>A]A	0.0028884256534619404	0.6315407304369223	0.365570843909616
TCGA-BA-4074	C[T>A]C	0.011194490760811174	0.4909546126696266	0.4978508965695622
TCGA-BA-4074	C[T>A]G	3.889848465357531e-07	0.8847779804024497	0.11522163061270378
TCGA-BA-4074	C[T>A]T	0.006562984859609832	0.3847960837760791	0.6086409313643111
TCGA-BA-4074	C[T>C]A	0.010816661471857518	0.277017987734848	0.7121653507932946
TCGA-BA-4074	C[T>C]C	0.024305569828191004	0.1517066103265	0.8239878198453091
TCGA-BA-4074	C[T>C]G	0.004373942312985213	0.3419744046572699	0.6536516530297448
TCGA-BA-4074	C[T>C]T	0.01219883520810409	0.20056284222616713	0.7872383225657288
TCGA-BA-4074	C[T>G]A	0.0001262564071190188	0.2556577978224681	0.7442159457704128
TCGA-BA-4074	C[T>G]C	0.008124285245601085	0.3435135550941589	0.6483621596602401
TCGA-BA-4074	C[T>G]G	0.010321176816378577	0.36034388832138037	0.629334934862241
TCGA-BA-4074	C[T>G]T	0.00786832332542647	0.12542126280705052	0.8667104138675231
TCGA-BA-4074	G[C>A]A	0.09543271554472262	0.39791236145049375	0.5066549230047838
TCGA-BA-4074	G[C>A]C	0.027889585056282223	0.6257945310610198	0.34631588388269796
TCGA-BA-4074	G[C>A]G	0.02349365661886483	0.9714181902649661	0.005088153116169157
TCGA-BA-4074	G[C>A]T	0.035289159026451446	0.42217888377779583	0.5425319571957526
TCGA-BA-4074	G[C>G]A	0.59975655993968	0.2726124776671267	0.12763096239319321
TCGA-BA-4074	G[C>G]C	0.02067000372249266	0.47781451929073676	0.5015154769867706
TCGA-BA-4074	G[C>G]G	0.027768811672357632	0.9588826604200825	0.01334852790755977
TCGA-BA-4074	G[C>G]T	0.07285316306494354	0.3674621975496494	0.5596846393854071
TCGA-BA-4074	G[C>T]A	0.2059870753929631	0.09308068728351533	0.7009322373235216
TCGA-BA-4074	G[C>T]C	0.025159501141849918	0.11869910125798924	0.856141397600161
TCGA-BA-4074	G[C>T]G	0.032893578007190394	0.047738360685108616	0.9193680613077009
TCGA-BA-4074	G[C>T]T	0.024715600160496096	0.16443489523847896	0.8108495046010249
TCGA-BA-4074	G[T>A]A	0.014222355270114666	0.3308952378299009	0.6548824068999844
TCGA-BA-4074	G[T>A]C	0.0391960149321887	0.37083373435139605	0.5899702507164152
TCGA-BA-4074	G[T>A]G	0.030518487225458513	0.5931875254149814	0.3762939873595601
TCGA-BA-4074	G[T>A]T	0.015932012266324198	0.16318202187418357	0.8208859658594923
TCGA-BA-4074	G[T>C]A	0.03379361627333277	0.15330700498574032	0.812899378740927
TCGA-BA-4074	G[T>C]C	0.028127676329293586	0.050070261202112575	0.921802062468594
TCGA-BA-4074	G[T>C]G	0.010958748109116508	0.20983004600760966	0.7792112058832739
TCGA-BA-4074	G[T>C]T	0.04439910407146703	0.10050710889041213	0.8550937870381209
TCGA-BA-4074	G[T>G]A	0.00030314868663482576	0.1604548299192144	0.8392420213941507
TCGA-BA-4074	G[T>G]C	0.036709289708285735	0.06422755727771652	0.8990631530139978
TCGA-BA-4074	G[T>G]G	0.0506099863716363	0.34881474994635575	0.600575263682008
TCGA-BA-4074	G[T>G]T	0.0027985794827705187	0.07114070478475204	0.9260607157324774
TCGA-BA-4074	T[C>A]A	0.2434405503474544	0.32981251179491805	0.4267469378576276
TCGA-BA-4074	T[C>A]C	0.11456544436096355	0.40864693368088933	0.4767876219581471
TCGA-BA-4074	T[C>A]G	0.09530547799561113	0.7964569788573534	0.10823754314703536
TCGA-BA-4074	T[C>A]T	0.11375338300073752	0.48198661988510777	0.4042599971141547
TCGA-BA-4074	T[C>G]A	0.9977774573159421	0.002211834506721631	1.070817733624749e-05
TCGA-BA-4074	T[C>G]C	0.7129895217133209	0.25004955099498943	0.03696092729168964
TCGA-BA-4074	T[C>G]G	0.5305796189646425	0.4570395577762019	0.012380823259155528
TCGA-BA-4074	T[C>G]T	0.848668765904184	0.06410491608511304	0.08722631801070285
TCGA-BA-4074	T[C>T]A	0.7284338553844953	0.000703178336640264	0.27086296627886447
TCGA-BA-4074	T[C>T]C	0.20166480384101193	0.08362660857941373	0.7147085875795742
TCGA-BA-4074	T[C>T]G	0.18881561512472822	0.032712199117058575	0.7784721857582131
TCGA-BA-4074	T[C>T]T	0.3784358468416486	0.06391328589273755	0.5576508672656139
TCGA-BA-4074	T[T>A]A	0.017059274494203927	0.35798507082009334	0.6249556546857027
TCGA-BA-4074	T[T>A]C	0.011984739976138751	0.46282095389856376	0.5251943061252975
TCGA-BA-4074	T[T>A]G	0.023208307685701653	0.580347376526863	0.3964443157874353
TCGA-BA-4074	T[T>A]T	0.016161426802927936	0.34080322465219615	0.6430353485448759
TCGA-BA-4074	T[T>C]A	0.00718445578005412	0.35233969454219094	0.640475849677755
TCGA-BA-4074	T[T>C]C	0.010371953101183922	0.17637509988287042	0.8132529470159457
TCGA-BA-4074	T[T>C]G	0.027368969616205042	0.32809569910800307	0.6445353312757919
TCGA-BA-4074	T[T>C]T	0.0012805282913554044	0.13327194568364764	0.8654475260249969
TCGA-BA-4074	T[T>G]A	0.004327075281761767	0.3339508315824295	0.6617220931358087
TCGA-BA-4074	T[T>G]C	0.035362817979819806	0.116663729474285	0.8479734525458952
TCGA-BA-4074	T[T>G]G	0.006006771785906039	0.3927408132054946	0.6012524150085993
TCGA-BA-4074	T[T>G]T	0.022091797489143992	0.17763825115070414	0.8002699513601519
TCGA-BA-4075	A[C>A]A	0.08252324540430618	0.6597746923225074	0.2577020622731864
TCGA-BA-4075	A[C>A]C	0.013099381351305667	0.7589479882026495	0.22795263044604477
TCGA-BA-4075	A[C>A]G	0.014932730619879936	0.8906722154123557	0.09439505396776426
TCGA-BA-4075	A[C>A]T	0.012954451188276253	0.8191379475514176	0.1679076012603061
TCGA-BA-4075	A[C>G]A	0.8012760881450764	0.19040626081871503	0.008317651036208625
TCGA-BA-4075	A[C>G]C	0.08598498396753766	0.6524432850961077	0.2615717309363548
TCGA-BA-4075	A[C>G]G	0.06947600967504013	0.7294870993805553	0.2010368909444046
TCGA-BA-4075	A[C>G]T	0.06133829428465476	0.37826108950069515	0.5604006162146501
TCGA-BA-4075	A[C>T]A	0.36029709147842337	0.17514927285360266	0.46455363566797386
TCGA-BA-4075	A[C>T]C	0.026372538387076917	0.30724850497413725	0.6663789566387859
TCGA-BA-4075	A[C>T]G	0.023311539037753452	0.11099058922566644	0.8656978717365801
TCGA-BA-4075	A[C>T]T	0.01632542866374942	0.3095907877066952	0.6740837836295555
TCGA-BA-4075	A[T>A]A	0.0013411809106694446	0.5142752050775393	0.48438361401179125
TCGA-BA-4075	A[T>A]C	0.005720075227957848	0.40447706396518374	0.5898028608068584
TCGA-BA-4075	A[T>A]G	0.013891627703139127	0.5699987916018643	0.41610958069499654
TCGA-BA-4075	A[T>A]T	0.012254115695486631	0.24179986044177504	0.7459460238627383
TCGA-BA-4075	A[T>C]A	0.0	0.35141140189653153	0.6485885981034685
TCGA-BA-4075	A[T>C]C	0.012723350887558093	0.2707989883736372	0.7164776607388047
TCGA-BA-4075	A[T>C]G	0.009939984036356694	0.4404477466954692	0.549612269268174
TCGA-BA-4075	A[T>C]T	0.017176332308244988	0.1877765011064777	0.7950471665852773
TCGA-BA-4075	A[T>G]A	0.017417368445628724	0.3033592843431109	0.6792233472112604
TCGA-BA-4075	A[T>G]C	0.02611556699825435	0.16689754847055377	0.8069868845311918
TCGA-BA-4075	A[T>G]G	0.01963117382708083	0.3169892673978484	0.6633795587750709
TCGA-BA-4075	A[T>G]T	0.00021999864476217557	0.03841733941341713	0.9613626619418207
TCGA-BA-4075	C[C>A]A	0.03280928347487336	0.8983107189151133	0.06887999761001332
TCGA-BA-4075	C[C>A]C	0.00017200952426623428	0.9997934199698922	3.4570505841540546e-05
TCGA-BA-4075	C[C>A]G	0.012347738992830568	0.9852134965462315	0.002438764460938017
TCGA-BA-4075	C[C>A]T	0.003669885301264679	0.9658285386411941	0.030501576057541196
TCGA-BA-4075	C[C>G]A	0.3469319037448426	0.6300173127751961	0.02305078347996113
TCGA-BA-4075	C[C>G]C	0.013175220974253877	0.9753159532035028	0.011508825822243204
TCGA-BA-4075	C[C>G]G	0.042445909994061774	0.7654745760764792	0.192079513929459
TCGA-BA-4075	C[C>G]T	0.05885736038937174	0.7313419356545203	0.20980070395610798
TCGA-BA-4075	C[C>T]A	0.17701881922622553	0.07834732537915644	0.744633855394618
TCGA-BA-4075	C[C>T]C	0.02869594716147954	0.08751362354373299	0.8837904292947875
TCGA-BA-4075	C[C>T]G	0.04487026475068334	0.02422280863065707	0.9309069266186595
TCGA-BA-4075	C[C>T]T	0.031045508971500733	0.10446060341588873	0.8644938876126105
TCGA-BA-4075	C[T>A]A	0.0015514447320663372	0.8152589071284124	0.1831896481395213
TCGA-BA-4075	C[T>A]C	0.006761585583621444	0.7126964960796176	0.28054191833676084
TCGA-BA-4075	C[T>A]G	1.7412528556814503e-07	0.9518807323703092	0.048119093504405276
TCGA-BA-4075	C[T>A]T	0.00437767783303104	0.616867812889476	0.3787545092774928
TCGA-BA-4075	C[T>C]A	0.008066119755902225	0.4964762406065983	0.4954576396374995
TCGA-BA-4075	C[T>C]C	0.020995728834206404	0.31495515738323926	0.6640491137825544
TCGA-BA-4075	C[T>C]G	0.0030457499856872566	0.5723133464063643	0.42464090360794854
TCGA-BA-4075	C[T>C]T	0.009928480900556282	0.39231416338483494	0.5977573557146089
TCGA-BA-4075	C[T>G]A	9.646184789065994e-05	0.4694401882263225	0.5304633499257869
TCGA-BA-4075	C[T>G]C	0.005647373920506282	0.5738842838961465	0.42046834218334705
TCGA-BA-4075	C[T>G]G	0.007052439881215578	0.5917610915058308	0.4011864686129537
TCGA-BA-4075	C[T>G]T	0.007038543950222162	0.2696440676935198	0.7233173883562581
TCGA-BA-4075	G[C>A]A	0.0626018532465225	0.627330511749656	0.31006763500382145
TCGA-BA-4075	G[C>A]C	0.015034878998718896	0.81079062719316	0.17417449380812117
TCGA-BA-4075	G[C>A]G	0.00994268138510293	0.9880483768886476	0.002008941726249451
TCGA-BA-4075	G[C>A]T	0.02267812596694043	0.6520508020963788	0.3252710719366808
TCGA-BA-4075	G[C>G]A	0.4364992714072662	0.4768407012119434	0.08666002738079046
TCGA-BA-4075	G[C>G]C	0.012627411208568062	0.7015395870098611	0.28583300178157084
TCGA-BA-4075	G[C>G]G	0.011842903999207215	0.9828459462213703	0.005311149779422419
TCGA-BA-4075	G[C>G]T	0.04928670356747719	0.5974658676164412	0.3532474288160818
TCGA-BA-4075	G[C>T]A	0.1900912379062248	0.2064432941947124	0.6034654678990629
TCGA-BA-4075	G[C>T]C	0.022683262481572358	0.2571994259541616	0.7201173115642662
TCGA-BA-4075	G[C>T]G	0.03271878023193863	0.11412283751354194	0.8531583822545193
TCGA-BA-4075	G[C>T]T	0.02100975356101215	0.3359408797710189	0.6430493666679689
TCGA-BA-4075	G[T>A]A	0.010012570558477497	0.5598654342674982	0.43012199517402416
TCGA-BA-4075	G[T>A]C	0.026468574136992135	0.6018481616946975	0.37168326416831027
TCGA-BA-4075	G[T>A]G	0.016886955174977892	0.7888590812552643	0.19425396356975785
TCGA-BA-4075	G[T>A]T	0.013571221078422216	0.33407169055316827	0.6523570883684096
TCGA-BA-4075	G[T>C]A	0.029116538006923005	0.31745789942455876	0.6534255625685182
TCGA-BA-4075	G[T>C]C	0.02789194180265986	0.11932840156790446	0.8527796566294358
TCGA-BA-4075	G[T>C]G	0.008821945880221782	0.40596649504913823	0.5852115590706399
TCGA-BA-4075	G[T>C]T	0.04096968693132122	0.22289703477987302	0.7361332782888057
TCGA-BA-4075	G[T>G]A	0.0002593458199774932	0.3299099605435913	0.6698306936364312
TCGA-BA-4075	G[T>G]C	0.03564547358267861	0.1498886971056318	0.8144658293116896
TCGA-BA-4075	G[T>G]G	0.03492176037732786	0.5784606490982408	0.38661759052443134
TCGA-BA-4075	G[T>G]T	0.002696813673514685	0.16475952482564218	0.832543661500843
TCGA-BA-4075	T[C>A]A	0.1697361811361669	0.5526723079226821	0.277591510941151
TCGA-BA-4075	T[C>A]C	0.07432044228141166	0.6371210554401081	0.28855850227848023
TCGA-BA-4075	T[C>A]G	0.04515865676706488	0.9069942742411565	0.04784706899177846
TCGA-BA-4075	T[C>A]T	0.06897103109617238	0.7023546325204845	0.22867433638334325
TCGA-BA-4075	T[C>G]A	0.9946906487763185	0.005299392030334547	9.959193346912864e-06
TCGA-BA-4075	T[C>G]C	0.5287547925575387	0.44567299583912673	0.025572211603334557
TCGA-BA-4075	T[C>G]G	0.32341344700113717	0.6695459266725251	0.007040626326337706
TCGA-BA-4075	T[C>G]T	0.7828231129824235	0.14211366139652748	0.07506322562104918
TCGA-BA-4075	T[C>T]A	0.7411647975755749	0.0017195278569493066	0.25711567456747586
TCGA-BA-4075	T[C>T]C	0.18857208680989415	0.1879363791179147	0.623491534072191
TCGA-BA-4075	T[C>T]G	0.19001200542199168	0.0791173890424677	0.7308706055355406
TCGA-BA-4075	T[C>T]T	0.3596280125110715	0.14597264012072494	0.49439934736820346
TCGA-BA-4075	T[T>A]A	0.011680645420904502	0.5891016925824296	0.39921766199666603
TCGA-BA-4075	T[T>A]C	0.00742417332285171	0.6890513234350943	0.303524503242054
TCGA-BA-4075	T[T>A]G	0.012981112462156238	0.7801453714775407	0.2068735160603031
TCGA-BA-4075	T[T>A]T	0.011261150013821487	0.5707235737014608	0.4180152762847178
TCGA-BA-4075	T[T>C]A	0.004949641439096046	0.5833920520952849	0.4116583064656191
TCGA-BA-4075	T[T>C]C	0.008694138941540565	0.3553222278814813	0.635983633176978
TCGA-BA-4075	T[T>C]G	0.01931179731800175	0.5563958171960982	0.4242923854859
TCGA-BA-4075	T[T>C]T	0.001134221836367341	0.28370476892621094	0.7151610092374217
TCGA-BA-4075	T[T>G]A	0.0030380804030173034	0.5635162098177217	0.4334457097792612
TCGA-BA-4075	T[T>G]C	0.03194885109539082	0.25331639977883197	0.7147347491257772
TCGA-BA-4075	T[T>G]G	0.003975788139754335	0.6247513574117844	0.37127285444846114
TCGA-BA-4075	T[T>G]T	0.01847718839105856	0.3570757803647144	0.6244470312442272
TCGA-BA-4076	A[C>A]A	0.030610969098272153	0.9617775402945601	0.007611490607167881
TCGA-BA-4076	A[C>A]C	0.0043464418905409	0.9896310312957733	0.006022526813685835
TCGA-BA-4076	A[C>A]G	0.004239031474385464	0.9936272963606929	0.0021336721649217556
TCGA-BA-4076	A[C>A]T	0.003991597910208555	0.9918888578893424	0.004119544200449182
TCGA-BA-4076	A[C>G]A	0.5168821988697925	0.48269057173071656	0.0004272293994909629
TCGA-BA-4076	A[C>G]C	0.03219410488943165	0.9600076732212239	0.00779822188934438
TCGA-BA-4076	A[C>G]G	0.02353305576223942	0.9710448100900039	0.005422134147756724
TCGA-BA-4076	A[C>G]T	0.0385175309770219	0.933461936035509	0.028020532987469215
TCGA-BA-4076	A[C>T]A	0.3318871509768387	0.6340393614325591	0.03407348759060218
TCGA-BA-4076	A[C>T]C	0.02049339553467467	0.9382746135689269	0.04123199089639848
TCGA-BA-4076	A[C>T]G	0.04411541772771674	0.8254367576864321	0.13044782458585102
TCGA-BA-4076	A[C>T]T	0.012688310142840482	0.9455955501156997	0.04171613974145993
TCGA-BA-4076	A[T>A]A	0.0006507601235620742	0.9806349197277563	0.01871432014868173
TCGA-BA-4076	A[T>A]C	0.0034831238256803282	0.9679195722964821	0.028597303877837602
TCGA-BA-4076	A[T>A]G	0.006074049024380255	0.9794387690299491	0.014487181945670679
TCGA-BA-4076	A[T>A]T	0.011991591749672258	0.9298847014036362	0.05812370684669155
TCGA-BA-4076	A[T>C]A	0.0	0.9639519568691244	0.03604804313087564
TCGA-BA-4076	A[T>C]C	0.011220104313181423	0.9384705016819973	0.05030939400482129
TCGA-BA-4076	A[T>C]G	0.005569849599364615	0.9699076222099337	0.02452252819070174
TCGA-BA-4076	A[T>C]T	0.02098719932704633	0.901661434297695	0.0773513663752587
TCGA-BA-4076	A[T>G]A	0.013783234995215509	0.9434178982868721	0.04279886671791244
TCGA-BA-4076	A[T>G]C	0.03499536774608991	0.8788995827425187	0.0861050495113915
TCGA-BA-4076	A[T>G]G	0.014892639475435926	0.9450355897197847	0.04007177080477929
TCGA-BA-4076	A[T>G]T	0.0009659912267589772	0.6629162420009111	0.33611776677232996
TCGA-BA-4076	C[C>A]A	0.009194039798472872	0.9892690312242611	0.00153692897726605
TCGA-BA-4076	C[C>A]C	4.377686985380333e-05	0.999955522564258	7.005658880999546e-07
TCGA-BA-4076	C[C>A]G	0.0031788814970853574	0.9967711256642435	4.999283867115817e-05
TCGA-BA-4076	C[C>A]T	0.0009653326872402411	0.9983958188653732	0.0006388484473865279
TCGA-BA-4076	C[C>G]A	0.12282281627151297	0.8765273959398777	0.0006497877886091721
TCGA-BA-4076	C[C>G]C	0.0034248425926492582	0.9963369447864527	0.00023821262089775478
TCGA-BA-4076	C[C>G]G	0.013844266003887771	0.981167277645286	0.004988456350826187
TCGA-BA-4076	C[C>G]T	0.019954071633852752	0.9743823784973146	0.005663549868832707
TCGA-BA-4076	C[C>T]A	0.32527947112009903	0.5657695753431805	0.10895095353672055
TCGA-BA-4076	C[C>T]C	0.0647785694743017	0.7763626862228511	0.15885874430284716
TCGA-BA-4076	C[C>T]G	0.2094915698900125	0.44443741801848946	0.34607101209149804
TCGA-BA-4076	C[C>T]T	0.06082611539962327	0.8043073289262277	0.13486655567414899
TCGA-BA-4076	C[T>A]A	0.0004818151938364041	0.9949882061831705	0.004529978622992974
TCGA-BA-4076	C[T>A]C	0.002389333494666651	0.9897170317710867	0.007893634734246806
TCGA-BA-4076	C[T>A]G	4.650037835791737e-08	0.9989767473911221	0.0010232061084994035
TCGA-BA-4076	C[T>A]T	0.0017804510623450343	0.9859537709999858	0.012265777937669193
TCGA-BA-4076	C[T>C]A	0.0040358764606348106	0.9762248679861388	0.019739255553226243
TCGA-BA-4076	C[T>C]C	0.016007677355304242	0.9436789984961795	0.04031332414851622
TCGA-BA-4076	C[T>C]G	0.0013323636278173864	0.9838765053241609	0.014791131048021766
TCGA-BA-4076	C[T>C]T	0.006208137691286951	0.9640303834946011	0.029761478814111886
TCGA-BA-4076	C[T>G]A	5.1114450201158185e-05	0.9775671096985259	0.022381775851272958
TCGA-BA-4076	C[T>G]C	0.0024613535699142754	0.982946747778124	0.014591898651961704
TCGA-BA-4076	C[T>G]G	0.002982582701515987	0.983507570612001	0.013509846686483003
TCGA-BA-4076	C[T>G]T	0.00626038403625078	0.9425127135094267	0.05122690245432249
TCGA-BA-4076	G[C>A]A	0.024524562827257086	0.9658033196897243	0.009672117483018586
TCGA-BA-4076	G[C>A]C	0.004676179881052957	0.9910103492350757	0.004313470883871405
TCGA-BA-4076	G[C>A]G	0.0025539866496575654	0.9974049236019947	4.1089748347711855e-05
TCGA-BA-4076	G[C>A]T	0.008685433359728347	0.9813952715096314	0.00991929513064025
TCGA-BA-4076	G[C>G]A	0.18836369789311086	0.8086585842276985	0.0029777178791906837
TCGA-BA-4076	G[C>G]C	0.0045221506680531605	0.9873271641895929	0.008150685142353979
TCGA-BA-4076	G[C>G]G	0.0030564519883880823	0.9968344042392173	0.0001091437723946285
TCGA-BA-4076	G[C>G]T	0.02032125126679479	0.9680816134064966	0.011597135326708675
TCGA-BA-4076	G[C>T]A	0.181136279088843	0.7730762338617219	0.04578748704943518
TCGA-BA-4076	G[C>T]C	0.02079539124074134	0.9266372845932261	0.052567324166032506
TCGA-BA-4076	G[C>T]G	0.05958188862191425	0.8167100888486192	0.12370802252946664
TCGA-BA-4076	G[C>T]T	0.01508869608328593	0.948138553879867	0.0367727500368471
TCGA-BA-4076	G[T>A]A	0.004461016151193495	0.9802798142609003	0.015259169587906185
TCGA-BA-4076	G[T>A]C	0.010931784919202768	0.976845024576889	0.012223190503908134
TCGA-BA-4076	G[T>A]G	0.0053909422115245905	0.9896712491311718	0.004937808657303689
TCGA-BA-4076	G[T>A]T	0.009845821236576752	0.9524690981400504	0.037685080623372856
TCGA-BA-4076	G[T>C]A	0.021913321283953128	0.9389291177174838	0.039157560998563073
TCGA-BA-4076	G[T>C]C	0.049389005752119644	0.8303736412734017	0.12023735297447856
TCGA-BA-4076	G[T>C]G	0.005343993641778593	0.9664289570905232	0.02822704926769815
TCGA-BA-4076	G[T>C]T	0.041996892549306865	0.8979186692128407	0.06008443823785249
TCGA-BA-4076	G[T>G]A	0.00019209405448738956	0.9603030250355639	0.03950488090994885
TCGA-BA-4076	G[T>G]C	0.05169451966615132	0.8542543486633589	0.09405113167048972
TCGA-BA-4076	G[T>G]G	0.01493032757981674	0.9719081581073569	0.013161514312826568
TCGA-BA-4076	G[T>G]T	0.0037640188575915616	0.9037110203414619	0.09252496080094649
TCGA-BA-4076	T[C>A]A	0.07180740498588803	0.9188417248220513	0.009350870192060518
TCGA-BA-4076	T[C>A]C	0.02857269701792017	0.9625939035758672	0.00883339940621281
TCGA-BA-4076	T[C>A]G	0.012497766405519882	0.9864478521155252	0.0010543814789550218
TCGA-BA-4076	T[C>A]T	0.024222954725063466	0.9693822172688891	0.006394828006047362
TCGA-BA-4076	T[C>G]A	0.979491522071577	0.02050769704203582	7.808863872127769e-07
TCGA-BA-4076	T[C>G]C	0.23168359903559782	0.7674242048948187	0.0008921960695836156
TCGA-BA-4076	T[C>G]G	0.10943867177089832	0.8903716248453383	0.00018970338376338391
TCGA-BA-4076	T[C>G]T	0.581036090191061	0.4145276422224502	0.004436267586489001
TCGA-BA-4076	T[C>T]A	0.9645619455076554	0.008794329925862453	0.02664372456648215
TCGA-BA-4076	T[C>T]C	0.19305415853883143	0.756120142847299	0.050825698613869534
TCGA-BA-4076	T[C>T]G	0.33983580640284555	0.5560812342402358	0.10408295935691855
TCGA-BA-4076	T[C>T]T	0.3697410881295952	0.5897851909351409	0.040473720935263975
TCGA-BA-4076	T[T>A]A	0.004952444469866213	0.9815699244951719	0.013477631034961832
TCGA-BA-4076	T[T>A]C	0.0027100719543505613	0.988467715459677	0.008822212585972359
TCGA-BA-4076	T[T>A]G	0.004193782198174887	0.9904845238202129	0.005321693981612234
TCGA-BA-4076	T[T>A]T	0.004923089477329119	0.9805257316109606	0.014551178911710361
TCGA-BA-4076	T[T>C]A	0.002123960449470876	0.9838103634793525	0.014065676071176668
TCGA-BA-4076	T[T>C]C	0.0059724604529791305	0.9592400020297018	0.034787537517319014
TCGA-BA-4076	T[T>C]G	0.00862264878835271	0.9762927344095369	0.015084616802110321
TCGA-BA-4076	T[T>C]T	0.0009669393688088346	0.950486763550462	0.04854629708072903
TCGA-BA-4076	T[T>G]A	0.0013490007825425043	0.9833260625293985	0.015324936688059112
TCGA-BA-4076	T[T>G]C	0.02946331500977167	0.9180532437562292	0.052483441233999104
TCGA-BA-4076	T[T>G]G	0.001597516736134846	0.9865238514338664	0.011878631829998917
TCGA-BA-4076	T[T>G]T	0.012557040796271627	0.9536521909672829	0.03379076823644544
TCGA-BA-4077	A[C>A]A	0.5743951098353342	0.41788463521860725	0.007720254946058658
TCGA-BA-4077	A[C>A]C	0.1575536106757733	0.8306458597803931	0.011800529543833751
TCGA-BA-4077	A[C>A]G	0.1549241398364921	0.8408607549884165	0.004215105175091467
TCGA-BA-4077	A[C>A]T	0.14684905336298054	0.8449587229288046	0.00819222370821483
TCGA-BA-4077	A[C>G]A	0.9787914040644347	0.021164865080073432	4.3730855491985984e-05
TCGA-BA-4077	A[C>G]C	0.5870040084440424	0.4053102005258116	0.007685791030145867
TCGA-BA-4077	A[C>G]G	0.5081541603850466	0.4855171223871971	0.006328717227756469
TCGA-BA-4077	A[C>G]T	0.6248116099765387	0.3506189468631286	0.024569443160332587
TCGA-BA-4077	A[C>T]A	0.9525757237459446	0.04213795039907656	0.005286325854978834
TCGA-BA-4077	A[C>T]C	0.46106381770494925	0.488793253545934	0.05014292874911675
TCGA-BA-4077	A[C>T]G	0.6277113246993451	0.2719577816332775	0.10033089366737727
TCGA-BA-4077	A[C>T]T	0.3444291092318381	0.594360035455911	0.061210855312250886
TCGA-BA-4077	A[T>A]A	0.026704292274120335	0.9317847774645397	0.04151093026134002
TCGA-BA-4077	A[T>A]C	0.12693010776414798	0.8167386800804309	0.056331212155421154
TCGA-BA-4077	A[T>A]G	0.2056474831671305	0.7678396132793436	0.02651290355352594
TCGA-BA-4077	A[T>A]T	0.3270577496021707	0.5872524394277079	0.08568981097012131
TCGA-BA-4077	A[T>C]A	0.0	0.9197106954816158	0.08028930451838419
TCGA-BA-4077	A[T>C]C	0.3145531234024923	0.6092083551537881	0.0762385214437195
TCGA-BA-4077	A[T>C]G	0.18974900526488025	0.7650935297690663	0.045157464966053364
TCGA-BA-4077	A[T>C]T	0.4557828756433369	0.45341421197166093	0.09080291238500215
TCGA-BA-4077	A[T>G]A	0.3632740848607668	0.5757520399129871	0.06097387522624625
TCGA-BA-4077	A[T>G]C	0.5832486370663577	0.33918024268520314	0.07757112024843914
TCGA-BA-4077	A[T>G]G	0.3824396608703164	0.5619368721675624	0.05562346696212131
TCGA-BA-4077	A[T>G]T	0.02801236140650359	0.44512636221437885	0.5268612763791176
TCGA-BA-4077	C[C>A]A	0.2856727572386684	0.7117459068839326	0.002581335877399011
TCGA-BA-4077	C[C>A]C	0.0018870997763070954	0.9981112678205722	1.6324031205654349e-06
TCGA-BA-4077	C[C>A]G	0.12104492972890445	0.8788521719395054	0.00010289833159015832
TCGA-BA-4077	C[C>A]T	0.040025573696543006	0.9585426120922876	0.0014318142111693145
TCGA-BA-4077	C[C>G]A	0.8579763135897037	0.1417783307598802	0.00024535565041617496
TCGA-BA-4077	C[C>G]C	0.12919995952965177	0.8703142882429676	0.00048575222738070524
TCGA-BA-4077	C[C>G]G	0.3758656747856503	0.616813548191728	0.007320777022621886
TCGA-BA-4077	C[C>G]T	0.4659748585460902	0.5268760976399015	0.007149043814008269
TCGA-BA-4077	C[C>T]A	0.9448404464351254	0.03805305488865561	0.017106498676218936
TCGA-BA-4077	C[C>T]C	0.7091844401019363	0.19680703412389833	0.09400852577416532
TCGA-BA-4077	C[C>T]G	0.8784113660243568	0.04315092685187584	0.07843770712376741
TCGA-BA-4077	C[C>T]T	0.7012457954618415	0.21470904098569163	0.08404516355246681
TCGA-BA-4077	C[T>A]A	0.020273461875173215	0.9694233448265557	0.010303193298271075
TCGA-BA-4077	C[T>A]C	0.0928506246643047	0.8905682746526835	0.016581100683011923
TCGA-BA-4077	C[T>A]G	2.0054643228154887e-06	0.9976126569605277	0.0023853375751494567
TCGA-BA-4077	C[T>A]T	0.07044762499070983	0.9033186667441879	0.02623370826510219
TCGA-BA-4077	C[T>C]A	0.14565994907060992	0.8158311316103901	0.038508919318999996
TCGA-BA-4077	C[T>C]C	0.39981380186063403	0.5457602075596014	0.054425990579764376
TCGA-BA-4077	C[T>C]G	0.05347911331737554	0.9144293076842073	0.03209157899841716
TCGA-BA-4077	C[T>C]T	0.20598243188826382	0.7406408805169774	0.053376687594758804
TCGA-BA-4077	C[T>G]A	0.002138977031210384	0.9472336676851221	0.05062735528366734
TCGA-BA-4077	C[T>G]C	0.09462955163637547	0.8750460038189921	0.030324444544632335
TCGA-BA-4077	C[T>G]G	0.11260919924993425	0.8598193214705525	0.027571479279513235
TCGA-BA-4077	C[T>G]T	0.20290706548653564	0.7073453926410365	0.08974754187242796
TCGA-BA-4077	G[C>A]A	0.5172787712070673	0.47169382656605924	0.011027402226873413
TCGA-BA-4077	G[C>A]C	0.1678675780534488	0.823762319800365	0.00837010214618633
TCGA-BA-4077	G[C>A]G	0.09956559927617893	0.9003478137737542	8.658695006683398e-05
TCGA-BA-4077	G[C>A]T	0.2718786443638818	0.7113374632208189	0.016783892415299182
TCGA-BA-4077	G[C>G]A	0.9088750026168131	0.090348359141687	0.0007766382414999771
TCGA-BA-4077	G[C>G]C	0.1625242681113748	0.821641551822124	0.015834180066501106
TCGA-BA-4077	G[C>G]G	0.11690732762614987	0.8828670140348954	0.00022565833895462115
TCGA-BA-4077	G[C>G]T	0.46861787984036857	0.5169261445908852	0.014455975568746206
TCGA-BA-4077	G[C>T]A	0.898885836852485	0.08883201940384683	0.012282143743668204
TCGA-BA-4077	G[C>T]C	0.4611634633733879	0.47582327801941066	0.06301325860720138
TCGA-BA-4077	G[C>T]G	0.6994831578999575	0.22201332161675721	0.07850352048328527
TCGA-BA-4077	G[C>T]T	0.38658504434963586	0.562487999594724	0.0509269560556401
TCGA-BA-4077	G[T>A]A	0.1594108805273183	0.8111148305507656	0.02947428892191602
TCGA-BA-4077	G[T>A]C	0.31953521966890963	0.6611521909213087	0.019312589409781658
TCGA-BA-4077	G[T>A]G	0.18866689295528202	0.8019921032323079	0.009341003812410159
TCGA-BA-4077	G[T>A]T	0.290116760004573	0.6498601163516556	0.060023123643771326
TCGA-BA-4077	G[T>C]A	0.47875976660393865	0.4749964514060358	0.04624378199002558
TCGA-BA-4077	G[T>C]C	0.6575051402907174	0.2559708679589734	0.08652399175030932
TCGA-BA-4077	G[T>C]G	0.18271554019371636	0.7651165656144644	0.052167894191819206
TCGA-BA-4077	G[T>C]T	0.6359680594488147	0.3148496870497536	0.049182253501431496
TCGA-BA-4077	G[T>G]A	0.007820311014537775	0.905245795506718	0.08693389347874426
TCGA-BA-4077	G[T>G]C	0.675226570837408	0.2583689588645435	0.06640447029804847
TCGA-BA-4077	G[T>G]G	0.39139476901260667	0.5899551890589543	0.01865004192843904
TCGA-BA-4077	G[T>G]T	0.1267732400238441	0.7047798762911988	0.1684468836849572
TCGA-BA-4077	T[C>A]A	0.767264933122432	0.2273342877405342	0.005400779137033739
TCGA-BA-4077	T[C>A]C	0.5565472571987101	0.43415222881725807	0.009300513984031904
TCGA-BA-4077	T[C>A]G	0.3530827960417133	0.6453070396552171	0.0016101643030697304
TCGA-BA-4077	T[C>A]T	0.5152193534973039	0.47742836391852383	0.007352282584172361
TCGA-BA-4077	T[C>G]A	0.9995153899492822	0.00048456697773694655	4.3072980834654293e-08
TCGA-BA-4077	T[C>G]C	0.9285853652334782	0.07122134221404985	0.0001932925524719087
TCGA-BA-4077	T[C>G]G	0.8414110942878965	0.15851006677334326	7.883893876030435e-05
TCGA-BA-4077	T[C>G]T	0.9833496589413556	0.016244504778788294	0.00040583627985600596
TCGA-BA-4077	T[C>T]A	0.9982986692567951	0.00021075662733958177	0.001490574115865275
TCGA-BA-4077	T[C>T]C	0.9050420972245594	0.08207833621500231	0.012879566560438172
TCGA-BA-4077	T[C>T]G	0.9483664530252593	0.03593299392292392	0.015700553051816626
TCGA-BA-4077	T[C>T]T	0.9589083299802562	0.035417781731188334	0.005673888288555468
TCGA-BA-4077	T[T>A]A	0.17432420365093002	0.8000321422711317	0.02564365407793829
TCGA-BA-4077	T[T>A]C	0.10393335374451539	0.8777780694814168	0.018288576774067783
TCGA-BA-4077	T[T>A]G	0.15296682164721612	0.8365409063681969	0.01049227198458695
TCGA-BA-4077	T[T>A]T	0.17326349765814236	0.799054608412024	0.02768189392983364
TCGA-BA-4077	T[T>C]A	0.08275846298549908	0.8876167747482411	0.02962476226625989
TCGA-BA-4077	T[T>C]C	0.19865662146540972	0.7387970643928007	0.06254631414178961
TCGA-BA-4077	T[T>C]G	0.26908555209340584	0.7054688748115484	0.025445573095045727
TCGA-BA-4077	T[T>C]T	0.03777143294084845	0.8597227293803177	0.102505837678834
TCGA-BA-4077	T[T>G]A	0.054075828406863	0.9127180663314404	0.03320610526169662
TCGA-BA-4077	T[T>G]C	0.5501203548486717	0.39691004677202	0.0529695983793082
TCGA-BA-4077	T[T>G]G	0.06368988146810159	0.910711312038918	0.025598806492980367
TCGA-BA-4077	T[T>G]T	0.3443534836433704	0.6055573835443802	0.05008913281224936
TCGA-BA-4078	A[C>A]A	0.041316295906837656	0.9268530190644819	0.03183068502868054
TCGA-BA-4078	A[C>A]C	0.005957353452994436	0.9684667891678662	0.02557585737913951
TCGA-BA-4078	A[C>A]G	0.0058851769110542275	0.9849367282281319	0.009178094860813812
TCGA-BA-4078	A[C>A]T	0.0055060028149581915	0.9768875884988646	0.017606408686177195
TCGA-BA-4078	A[C>G]A	0.599046174762897	0.3994196964348026	0.0015341288023005438
TCGA-BA-4078	A[C>G]C	0.0434004836675185	0.9240274153682295	0.03257210096425189
TCGA-BA-4078	A[C>G]G	0.032076733464255144	0.9450243972032735	0.02289886933247148
TCGA-BA-4078	A[C>G]T	0.04864445887638954	0.841711938448784	0.10964360267482644
TCGA-BA-4078	A[C>T]A	0.3728412792918047	0.5085594256460938	0.11859929506210147
TCGA-BA-4078	A[C>T]C	0.025048048218440044	0.8188076130307254	0.15614433875083458
TCGA-BA-4078	A[C>T]G	0.04251501827603213	0.5679730333136569	0.389511948410311
TCGA-BA-4078	A[C>T]T	0.015528743692253325	0.8262850470136867	0.15818620929406005
TCGA-BA-4078	A[T>A]A	0.0008576200631931291	0.9227271325683242	0.07641524736848274
TCGA-BA-4078	A[T>A]C	0.004447454340279365	0.8824168521072988	0.11313569355242169
TCGA-BA-4078	A[T>A]G	0.008095820324546607	0.9320770107873743	0.0598271688880791
TCGA-BA-4078	A[T>A]T	0.014008739853903678	0.7756097788790176	0.21038148126707867
TCGA-BA-4078	A[T>C]A	0.0	0.8603775080782704	0.1396224919217297
