_96_class,Sig_1,Sig_2,Sig_3,Sig_4,Sig_5,Sig_6,Sig_7,Sig_8,Sig_9,Sig_10,Sig_11,Sig_12,Sig_13,Sig_14,Sig_15
A[C>A]A,4.816369825401585e-18,0.022605925921798373,1.691800793006041e-29,8.006412168731632e-24,0.20765090469265615,1.3368797223873911e-09,8.122704083944243e-15,3.91822748925173e-34,0.13954192225345938,3.296109634799787e-31,5.208451613930626e-12,3.5211437629356105e-15,0.13441845548252593,0.02610281916034758,1.818086933958342e-24
A[C>A]C,5.27709963502693e-10,0.0003131378847527889,1.9833324690603082e-17,3.670756719090861e-20,2.540621642269264e-12,0.07954970727990943,0.07011123005542579,0.0006430370868777232,0.16497349930018035,2.0926744469839513e-30,1.0196503185485115e-09,4.1731658221387873e-10,2.6680916520826184e-51,8.822114666155092e-20,0.0003614108075321816
A[C>A]G,0.0005462983193420035,0.0018139931108109304,1.5708426688819437e-12,1.4506878951967364e-13,1.7042979303332845e-48,0.07580130376920254,0.0009441863124527754,2.409150728739123e-21,0.1740579737223893,0.09225301222195298,1.594369322014386e-11,3.9512471251687397e-16,3.9630993839381264e-39,1.305770109948075e-08,4.585753119476225e-11
A[C>A]T,6.087405611281299e-19,5.3291804606644446e-51,1.3027968204090636e-37,0.06833115952548857,1.910204442434411e-15,0.03565774380612246,3.8014523484767264e-50,1.0204253652219089e-16,0.06777714233004004,7.248867515989631e-59,3.4231344357746975e-43,1.23169510959472e-46,0.06545072444270683,3.084576926087863e-74,5.818863834207869e-36
A[C>G]A,8.519226083684186e-20,0.37207669782656616,5.324188327130899e-37,1.0544459299616173e-15,1.9513166265236302e-22,0.21754080155542457,4.135123421818631e-47,2.5893759182615466e-27,4.888091950038872e-07,9.200764616505286e-29,3.4092896649105033e-13,3.981972754585477e-18,0.06668460753855096,2.5175066539171777e-23,9.551289896920011e-17
A[C>G]C,3.593719028797245e-16,0.009203301324248734,3.368800054336612e-58,2.250311376492702e-21,1.6858694548755017e-44,0.0008794110709542655,1.671769379724435e-21,7.213856342294368e-36,4.213264883880742e-09,1.6004798513683118e-46,0.04597124308647954,2.2010246241057344e-29,2.0919880824013487e-05,0.008004226965295371,0.09671008701622905
A[C>G]G,1.7259678267479316e-10,2.783343447330215e-10,2.017626909405213e-36,2.830600753799101e-22,2.0028682454456306e-48,0.047635218269783564,3.4475249393662958e-15,1.4893797982168255e-50,0.04224728287325002,1.5464206949854871e-37,1.6612895365740126e-25,9.291825718044916e-51,8.569885922596601e-25,0.0773811256759903,3.970441173619195e-28
A[C>G]T,0.030422928182991513,0.001624341113826363,1.7500307486513426e-38,0.05556036579096076,1.4434318721490267e-36,0.071089379051782,1.2901327219941322e-53,0.07982957183147825,0.00537488618547767,3.170563815202514e-06,9.464573223822203e-31,0.007502306630779975,9.792091409278511e-44,8.62655680307585e-24,1.6747520257000984e-13
A[C>T]A,0.11505048792734254,0.24683896017179696,0.061276221248490234,5.173930468721964e-16,7.600988084053208e-11,2.966194118799147e-20,1.0733371871832134e-13,4.6783185844402753e-23,0.0005778471127307919,0.09971734436452455,0.09953627595307724,0.12847968682170816,3.650278272302268e-26,7.126422434754376e-13,0.128689150086771
A[C>T]C,0.0630130771273678,1.4480351444448433e-18,3.1232834371677176e-29,2.1675402623026562e-16,0.29078924356077623,0.10373356895229778,9.13554110635718e-21,4.5183235552112316e-07,0.035349376044112424,4.411771414256394e-19,0.05415113615500112,0.0002612654045958583,4.190562281645646e-21,0.048915477389310215,6.076632591996603e-44
A[C>T]G,0.3164730435616289,5.701548377484422e-16,0.2632152607497755,0.2566675351470516,1.798746713199953e-08,3.260690635298108e-14,2.8406111378464152e-11,0.3930039150957187,6.1876051874761705e-22,0.3879807540504766,3.1600367868475767e-15,1.2976375752805987e-05,0.00015331902632113563,0.05406056268231288,2.0240116376040138e-13
A[C>T]T,0.00031009266082098906,1.1695649574118068e-40,0.07628048364178056,1.3246386260519222e-12,1.4268592779314833e-24,0.11768136690392374,3.73105876529598e-08,6.690818506700738e-36,0.00832111692703027,0.06464409138893443,0.1295762782037752,3.274258898818017e-17,1.4938305769138893e-43,7.980962497934109e-13,3.883484570324388e-28
A[T>A]A,1.9664651787441628e-46,8.261811564590827e-90,1.7737527468383102e-66,0.06427618702611332,5.792498648164023e-25,1.4446636193718664e-17,2.320160432811061e-53,1.2313702173370558e-42,0.06443669984675456,1.0672224091667782e-75,1.9313427392066795e-53,3.6604428910769648e-06,0.03388027825161157,2.369382032594942e-35,1.4398497521145659e-29
A[T>A]C,0.018780973218997875,9.353375073400532e-53,1.7255495264387708e-36,0.032145527457974485,4.985504137363675e-09,0.05862121216666909,3.2349202674759684e-21,4.5233443071913625e-41,2.786093509243038e-06,1.526557958123603e-14,1.5770376607648632e-12,0.05877181980620307,3.6102560654029126e-30,2.3316908790064305e-32,5.9314846561494674e-05
A[T>A]G,0.00014326894913706264,1.7037256013666124e-38,3.7485108020676006e-23,9.237741249903463e-49,2.098832479605108e-21,0.08939338332697112,2.5124777446556305e-28,2.1964115484099632e-46,0.03906798673383771,1.8767441995646824e-18,5.377294658834902e-19,5.722478849939228e-06,2.4638174000375014e-40,0.06887028233192856,1.085280324499864e-20
A[T>A]T,1.083153084036107e-73,7.947872760798877e-25,6.337884659668177e-70,1.67949289752594e-38,1.2863526913309901e-24,0.09031399669703434,3.819613419677611e-71,0.08617762227300094,9.32805063438818e-05,1.7420336922484103e-85,2.280288669181093e-27,1.5370398402695999e-25,1.1084211112392475e-20,3.030115330927472e-29,7.529095997741903e-45
A[T>C]A,2.818297117396849e-09,2.320379848972711e-47,1.027054122061117e-47,3.666382325922215e-50,2.916846133538556e-20,0.3296988172326219,0.08807640923873702,2.2081119703970895e-26,1.0633173922573292e-10,5.156653036474542e-68,1.2326421405025017e-44,5.878463935659131e-06,1.3042348676880736e-35,3.205135592300753e-23,9.571033916334945e-30
A[T>C]C,3.482718631705713e-75,1.6008928022246697e-79,7.113295735407872e-95,2.4489776369592456e-80,1.9632925237229207e-116,3.1719459808116063e-48,3.564225903864839e-107,0.34432091394744313,2.6624086469336368e-33,6.176563140074505e-85,2.1040834375508246e-73,1.5848344304921288e-40,1.5199642289406792e-74,4.457371518702348e-84,5.484797990916168e-52
A[T>C]G,8.545280060197388e-53,1.4957030512399985e-71,1.0154224659706043e-53,1.7366021090042524e-35,6.062853561393374e-57,0.01682440301288954,8.670181909469896e-61,3.631438391656101e-73,0.015998951406121096,2.2410949213956296e-48,1.1711592803263838e-26,0.35682284283295757,4.776699441127523e-09,8.119585073994304e-24,6.705038914687836e-30
A[T>C]T,0.02205501726624492,1.7038342903423416e-17,6.976645678677089e-23,2.4103424828248246e-14,0.005981487914038615,0.3147191283140201,0.10420119662568957,3.243165992996197e-19,3.9745491590442057e-23,2.1590555288379086e-07,5.291320029799542e-24,0.03536723369243907,6.166787856373221e-36,0.0021624010638654277,1.357318099364102e-23
A[T>G]A,1.461405523420888e-27,1.375202677734105e-40,2.1145925349949988e-41,5.25257271970911e-30,1.3319192541355286e-47,0.0025479732200237113,6.136125384492598e-39,3.638237253319474e-07,0.05371634468435025,1.796852348438833e-91,2.407480594692673e-61,4.1492823403058225e-18,7.985910180075079e-56,0.02542364566166534,1.0181250761414523e-33
A[T>G]C,2.493383388583981e-32,4.021901040721267e-33,6.562187905840364e-60,4.835179985207678e-73,1.790544660936894e-18,0.028329090542770243,6.6831504176849584e-12,5.511199978252905e-89,5.612065529902375e-52,0.0038686783590028734,3.6271215845986264e-44,6.251849076346006e-29,1.2665645462073519e-57,0.028848888817950512,1.2617185923594978e-21
A[T>G]G,4.2543733303456556e-33,9.394451956920698e-62,4.034412897849327e-35,2.092370801466427e-40,1.3162715737782214e-76,3.1453842369088442e-21,1.4623207467544256e-53,9.551588851849777e-19,0.0035154348973915027,6.092359494140491e-50,0.0662686240429652,0.03973362790790141,2.0326692246918137e-20,6.835961903936268e-72,3.0193183540569106e-57
A[T>G]T,1.0899539380236172e-71,9.354012144021369e-73,1.7060318746314782e-59,2.567267909916294e-29,1.6275356164886883e-56,9.307277983855705e-21,6.965386024782624e-55,3.7750898186010106e-64,1.0543176187502334e-56,3.0963521511181084e-22,3.2595208323907126e-42,0.07918294616650713,1.3561726131611376e-56,2.9421917016125976e-57,6.383211713066665e-46
C[C>A]A,7.035940430026402e-17,0.009281985704325901,3.985365627129931e-25,5.200120686045078e-16,2.2388343713579538e-26,1.2853541527439659e-14,0.06696250546652836,2.9137423079437534e-33,0.185861888845065,2.5254711274936685e-13,0.13006516866853568,4.5277943460235186e-14,1.0282867521327584e-26,4.5700069589036314e-07,6.504447265711439e-10
C[C>A]C,3.3641672176885015e-12,1.2119056640396029e-17,1.0176729842018439e-32,4.093451694594945e-39,7.306908717437589e-78,0.036417085448970384,3.732660453939307e-46,1.9779180573390968e-25,0.28761725709253005,3.013275060985786e-65,4.161231292923729e-52,2.3186665669944808e-45,3.26192144447515e-61,1.1647937278988184e-40,6.188544688502403e-26
C[C>A]G,4.2832602800660337e-44,6.13324204264011e-39,1.609851068924196e-30,1.1467565525671964e-52,7.182844010511938e-31,1.5540128575487907e-11,8.105642849931957e-27,1.870959690108183e-52,0.2063483927495311,5.140055214060474e-34,2.0924927823936112e-51,2.3389919004645164e-44,4.994761610203289e-35,2.3024281758167535e-36,0.1445391265708572
C[C>A]T,6.757593960881542e-25,8.350742013430812e-33,3.4512182034077666e-18,1.3561406904709524e-52,4.618783418934719e-24,1.3787510893462871e-06,1.8140222795082047e-42,6.825148324260313e-44,0.20900729951024288,0.06274911443650436,4.59929303913253e-41,8.933545163161715e-14,0.05835912565296289,8.444020561979339e-50,3.0466811112247354e-14
C[C>G]A,8.159459485753421e-25,0.058472023274568685,6.497454378070457e-53,4.54177525308078e-35,3.7302774653727554e-47,0.027744425916806814,1.4111347955930718e-21,1.8895138588889063e-54,0.06510048696925982,2.0483111071695336e-20,2.0633396032521938e-48,3.5739418381564283e-42,1.754640044374003e-48,2.757386940352729e-16,0.0030993249544345076
C[C>G]C,1.174424832227862e-24,3.0143486517528235e-09,3.0514819092160945e-17,0.0333947859294348,5.8009191223731166e-52,3.6001340152353065e-06,0.018929089550383978,9.763985126948445e-08,0.0778548810307597,1.7934828053718332e-38,0.011296926590735156,4.314746223735966e-48,1.5458217924987398e-63,9.13588073351548e-12,4.841587905184194e-07
C[C>G]G,1.451540910910161e-24,0.00019105151403046167,0.0052458132982399,5.353416968943345e-34,1.1567941808081673e-37,3.3800495702115957e-20,6.206831865959479e-33,3.847718001861429e-52,0.06032527695623694,1.874491419129158e-11,0.08546459875569898,4.601695849031997e-44,4.271784056125472e-51,4.297968176273785e-41,6.2480404016262645e-12
C[C>G]T,5.231962932004323e-25,5.011217520553587e-19,4.034355408142016e-34,1.8044804066695172e-43,3.673001916177801e-56,0.03529775569265655,2.4170436141835413e-27,1.961377619531148e-13,0.03192492379758606,4.126069946562154e-74,0.075008902092034,2.98276295473025e-22,1.842719480708288e-29,0.05290618248316846,3.651623059343169e-26
C[C>T]A,6.15269150646225e-08,0.17519892401448212,5.640687293360427e-26,9.502686721341588e-22,2.269903838199218e-05,2.6751554926997087e-15,0.3896155407596366,1.7279865373118826e-38,0.0031881613491225795,0.7641742812415204,2.1019531784652593e-15,0.04565450300367275,5.941004472063405e-33,9.837486274948597e-09,1.342336716217356e-13
C[C>T]C,0.01017804227106992,0.0008264789834715237,1.416598755056237e-17,4.973309420747935e-18,1.8271610416817008,1.0139748085772609e-16,5.932556454623453e-14,2.0492744737796708e-22,2.6793900347271415e-20,2.0756653962504176e-11,4.277686024809102e-19,1.9883716053817643e-13,4.4518991839899855e-13,8.97827386773926e-08,0.11008563845265819
C[C>T]G,0.020730618279522273,4.683950567911817e-07,1.9432936775955112,2.8539014344641262e-15,8.286264516192777e-13,0.03300833932965069,4.640414838957331e-12,7.555070750020086e-13,0.011774205429378893,2.0007061587223606e-05,9.894259203272158e-06,2.4937705051334535e-13,2.260074996403423e-17,0.08821119006513888,4.956827067263547e-09
C[C>T]T,1.2594061471525957,1.9878522338632736e-13,1.4969744345466276e-20,4.3373603233774706e-24,6.266036105191759e-29,0.020452927828005837,6.983577676154411e-15,2.0569046904863044e-17,4.741088255469471e-08,5.04724930959931e-11,4.423908272060442e-14,4.7622476113999826e-09,8.801484235860597e-11,3.4028755696432333e-12,2.2726678629499375e-13
C[T>A]A,3.1845318181839877e-77,1.1991735309157328e-55,2.4046377236085706e-84,4.274319016164041e-73,0.06335887141281803,0.02425998212740076,3.185240688535315e-66,4.3586508283615193e-29,0.035098209048978646,1.7260998005023555e-44,6.083322875924845e-63,7.56277550360425e-30,7.220222605485791e-42,1.1841363904866303e-10,2.9867992949839973e-50
C[T>A]C,3.667566424013223e-22,3.68470161045167e-62,3.0637268237787756e-60,1.0423519963984199e-37,9.166281450308622e-38,0.06265424563632374,2.605332380488483e-38,6.479186676291322e-36,0.03184099807424821,6.466464125972446e-07,2.199480947207769e-12,0.028401542454738485,0.10257476072189263,0.0001090798616919082,2.1827762868766577e-05
C[T>A]G,1.5589438855402936e-28,8.134953109344228e-49,1.7624832351858807e-40,5.402520069438778e-22,4.114448497931335e-31,1.950534951959512e-21,3.3968026085843504e-43,1.2788088168754256e-12,0.18044185106631327,0.05637090974293952,1.1402304184978956e-50,6.635287801433974e-19,0.06941444882879536,0.013768922573503014,2.0017292917512155e-30
C[T>A]T,5.199619499960661e-07,1.607585578013945e-39,1.6596584820779076e-26,1.639099530307405e-28,0.023000831857378435,0.1024960021827561,1.6512201885752358e-19,9.609146627939859e-20,0.044819520466400864,9.296249005742495e-10,7.40094308000479e-37,4.811054253048473e-19,0.030105479997317365,1.8240977453550097e-25,1.506573294433324e-33
C[T>C]A,1.2222045716420461e-29,1.9361766561238842e-53,1.383223180889216e-37,6.699686249475522e-57,5.852131804539294e-50,0.0037547824159247646,2.696366193380717e-29,7.944409093502514e-25,0.03089711890400388,0.059948267257380984,4.2817052442785427e-29,0.003269119254997236,2.4851196749951758e-52,3.596753766361093e-17,0.050760299931728765
C[T>C]C,0.05296218255814888,2.6083067939800568e-20,7.473389600706049e-48,3.199092216283016e-15,0.024435945585488696,0.02184048614228744,6.786912039051568e-22,6.702127862675933e-24,1.0211712490984806e-16,1.2857046594778086e-17,1.2549850359358716e-34,9.345550135674525e-21,5.092539671176284e-31,1.0178876053240732e-30,0.13152520427332068
C[T>C]G,4.016158038244451e-12,3.977171792169067e-18,0.04914665889124051,3.8491593356195575e-09,0.0647686535372461,0.078841651085967,2.606140329498485e-12,3.383258120718361e-36,0.09058269221589328,1.2106471804226363e-12,5.7076695405736354e-21,4.05721056092161e-19,2.976407022967808e-15,0.019135309573660057,1.293833413047585e-09
C[T>C]T,1.8339078809078568e-19,5.673619984552423e-05,5.284061415265006e-48,7.706667781681563e-19,2.2627678271635877e-36,0.23716235103496489,1.4807976842519991e-24,0.06327757978180644,0.021045563070449996,0.048379570053562616,8.460595793916027e-36,1.3172241089674156e-12,6.802311070112985e-27,2.7183040814053368e-28,1.8097934966862266e-06
C[T>G]A,3.529965639370376e-22,8.31677454689902e-39,0.01790943797409504,2.2552963673016696e-33,8.303757409697434e-83,0.023411907201234688,1.6889362995614e-66,5.132947460774009e-14,0.015838312562689093,1.9303702948750785e-28,1.4983918998985053e-34,1.9106292300040927e-42,1.4475045370188165e-35,7.296589700337766e-25,2.304149908251238e-74
C[T>G]C,1.1175769685542193e-71,3.732990672967369e-93,4.564997902387879e-59,2.968123032767439e-51,1.42460204345927e-65,0.01432339153490692,5.941091169037872e-79,7.843942959978557e-53,0.016851435824795508,0.06270187143115363,4.380173794389253e-39,5.179387022989188e-44,8.699505539867797e-33,1.870541557946931e-61,1.7442156649117895e-55
C[T>G]G,5.638872271314217e-40,4.67939445409143e-78,4.894942839845024e-47,4.285964729822669e-57,3.2434595562401582e-55,0.0065372075923642,5.271020315620682e-78,0.23722562098563957,0.002453686984754818,2.1108531137441657e-86,4.767285363096357e-19,1.0602698228564918e-32,4.777916187560919e-46,6.669655969861062e-54,4.127365205447438e-40
C[T>G]T,9.332538447580157e-44,1.0867368930896672e-13,2.0033511742369736e-16,1.462693059932692e-41,1.2644712810038193e-06,2.76734226257213e-41,1.9225352573957459e-28,0.07577615642549698,0.005024460716113282,4.5561409962908944e-24,5.157116280332865e-18,8.575800083432935e-27,3.191846763574711e-27,0.03540803236013795,9.24422022523538e-45
G[C>A]A,7.191784708214799e-38,2.612026218129351e-26,6.7118098956046304e-46,1.1361253019453942e-29,2.3399198062773194e-36,1.1278165963425086e-21,2.5699697811626792e-45,1.4962876251780429e-32,1.7468987475656416e-10,1.039508117089639e-33,1.0389707759226544e-41,2.128963115519773e-25,7.856948669577306e-43,0.010320880512564273,0.6892381291447605
G[C>A]C,1.4767015155717531e-31,6.604668504690442e-45,2.1575163378439832e-29,5.069993555911513e-17,1.4536793310778886e-15,2.7414658841257595e-13,6.322301169503869e-32,0.09612457095270728,0.12281821988446051,2.9192566118323774e-15,0.06861315944157918,8.371828429537387e-26,0.1728181942472416,1.7237656094562922e-15,3.092284542912303e-33
G[C>A]G,0.019984811462641607,0.005631431405374863,5.962207345697072e-35,2.9783762903263054e-06,0.026122425275498035,0.054553953089018135,2.996124915464396e-31,2.458198430566512e-12,0.2465880648393837,1.885530237754711e-38,5.730523600148125e-16,5.07155762642602e-38,2.6397881123559708e-76,1.1022006265094377e-17,5.19658221200166e-31
G[C>A]T,2.5479717475894618e-33,0.0027605813107478647,1.0499276370859414e-28,0.07969501559100517,0.03164194813853952,0.0008044467479083599,1.396423845407268e-26,1.9012531924051643e-13,0.10584816518036103,0.038403978510268576,2.20383099748338e-06,0.04599905752654178,3.9019153202572936e-31,6.793328524517535e-20,0.05536931428500534
G[C>G]A,4.545450465462542e-39,0.08118164651908168,1.2302874339294995e-16,5.087399177198569e-39,3.1464643872449454e-17,0.00149425195960463,1.480087204272921e-35,7.499676831598979e-10,9.532371737060704e-27,4.001358640293283e-66,0.0205067556384551,1.1516723271117412e-08,4.386286437448797e-42,1.5157336059647573e-21,0.19048164891763128
G[C>G]C,0.036610712814431796,0.0012767764209509927,2.630497068237144e-61,7.323946834862688e-51,1.0821130330050784e-15,0.023678466347106776,0.03542687294541541,1.0758484034422335e-32,0.05707849970045167,5.007496115380514e-27,1.3468113357758635e-63,5.845971245021981e-08,7.80280164150085e-56,2.932980746155559e-40,1.2745426384673606e-42
G[C>G]G,4.3709336283978164e-40,1.5852964640642137e-116,1.267440090738513e-86,3.92560443782605e-110,7.92731708112506e-52,9.915165494208427e-42,2.4327894356433245e-63,6.0209676092092136e-55,0.023508414566683386,6.82060341017197e-74,2.8329356879728642e-61,3.6147229090549443e-57,0.1038289411857595,5.7608097350892246e-92,0.061776144485511705
G[C>G]T,7.659679014562069e-77,2.1986180540502964e-08,1.2772159184803676e-47,8.145214074046259e-62,2.0554035551137547e-29,1.7996309923507278e-22,7.949051793332772e-74,2.62457641897338e-53,0.012459588895815776,5.389936544828131e-60,0.14737189904651593,5.8140076515907234e-39,1.4295110273381887e-63,4.60030411107865e-73,1.6258608174185916e-34
G[C>T]A,7.237105486947323e-33,3.892519631953244e-06,1.2700497904895423e-48,2.1476652503960364e-38,4.1919542710766586e-41,4.184886973489346e-25,3.9142955623616594e-42,9.444893245268747e-48,1.4480484121847054e-18,1.2556123737342498e-35,1.3690755946376885e-35,7.941174179505215e-29,8.578956880117634e-44,0.9116695767509401,4.951360168273235e-25
G[C>T]C,0.0767092421427623,1.475817186296183e-22,6.787533511252238e-10,0.28717368928765974,1.2119087355931637e-08,0.11765827449586562,1.7886280951885702e-14,0.13439665799783237,0.035397409565081854,0.06339514431144304,3.453072733330899e-11,2.3126737853842118e-08,4.683110827126076e-24,0.06330151975989994,0.00017868479976718588
G[C>T]G,5.561854583428679e-11,1.7871584078573405e-12,1.685267263459513e-18,1.2882181697768678e-31,5.049300127438508e-15,2.0019562436603384e-07,1.3312231313693572,0.2264598798902431,5.253460232879127e-11,4.694339979909684e-22,1.0075028194795967e-09,9.982682545587724e-16,2.2223843435751133e-33,2.3766886981529938e-09,1.3253824086851669e-11
G[C>T]T,0.052693040211483896,1.5726225905361848e-36,2.1701247841141335e-10,1.4756524580331916e-28,1.1702303471122476e-31,0.03783533516562011,0.02392667963268953,1.4181610944939237e-09,0.03652055341647285,0.010747558248983321,0.26044358596325173,2.204177989260309e-05,4.422072026966876e-20,0.061957801792601803,9.643507354143187e-12
G[T>A]A,6.3631807015431785e-27,1.922758791234472e-39,1.4716799905469535e-86,3.6384834312048655e-54,1.9607060103330704e-51,0.10412023846336604,8.859758618581608e-82,2.744537223137302e-42,0.014441463929376206,1.8814379830888018e-27,3.6444761381867333e-56,6.736511890478844e-33,7.423584713863652e-48,0.008712008302095684,5.67436479580369e-57
G[T>A]C,4.322617813553887e-30,1.1024789070437841e-12,8.290119954612834e-16,7.59438186167118e-23,2.5852480441859436e-23,0.010231961050496936,3.406306628402514e-58,0.005407477874530617,0.02023210542397426,0.06610954449707386,0.0230509591068667,7.506711191854845e-23,7.688210768578255e-24,2.7003962513899026e-40,1.0293498501869901e-08
G[T>A]G,4.179652352031812e-21,1.4229729502074937e-16,1.8005659516010233e-51,3.3925931889277375e-21,1.4856515106384432e-36,0.08304403282507927,1.8187143937446847e-35,3.1293696625041964e-36,0.0706367872520952,0.03194890176705433,2.5123605805862285e-25,1.6405045548014605e-23,2.372467860623965e-19,1.031340621219752e-28,3.3673009757869496e-18
G[T>A]T,6.538846440312968e-39,2.7911720751778108e-36,3.610808713045604e-75,1.776789305619663e-38,3.549563711892855e-23,4.175465001666281e-16,0.08220645401673063,0.056721685764284074,0.0061067094776688395,3.3823120890036703e-62,0.023792448591965634,9.850135541241126e-35,5.593773632708968e-23,2.217085248679767e-43,2.001057117748591e-37
G[T>C]A,0.04258731420484336,0.004582021485444519,3.4491717105390634e-07,9.896216233861134e-07,0.0003979071270872803,8.3608239911967e-09,3.063932603594627e-27,1.9639187031309754e-09,0.0261960103455757,3.9608071754191286e-21,0.11432600876574583,5.908842844530386e-15,9.334172494969388e-25,2.638984681518893e-29,4.149845108561539e-21
G[T>C]C,4.713133891948545e-15,0.004747218563903535,0.0003176923216994851,8.348592530709116e-18,0.05437821571550122,0.04123288399757323,3.8394786106272664e-24,7.627000385042643e-38,1.451911120193526e-12,0.08570323026911301,0.03112448171632562,3.836142598490507e-15,1.2563773594044875e-19,1.0178303836376418e-13,3.6114575051126507e-13
G[T>C]G,9.360881712404412e-27,5.85422330014115e-39,4.479962496088563e-32,9.742662804011847e-30,1.63066000765748e-25,0.0006488148931343991,1.0167321311697064e-39,0.050634019414331884,0.06318477138473418,0.13978233675429735,2.2882744525693605e-25,2.042964143454168e-12,1.799212404431806e-46,1.6106969470274197e-27,7.639422500788431e-22
G[T>C]T,0.05764786977995955,0.00500445220052873,3.3982571948284797e-29,1.816889110062431e-10,1.5930162831147952e-16,5.630907511522491e-15,2.5399806726995835e-47,6.545632192867605e-17,2.1560977311321115e-16,8.47380728260289e-43,0.03712439047282041,0.10669059173705425,4.3890725614347096e-52,1.991154575055991e-16,6.892843718528234e-09
G[T>G]A,2.8132015839374275e-52,3.461339148405204e-51,2.3400325323867686e-46,2.7517578079477164e-31,2.924478021497152e-49,0.059414476576244185,7.085783371330872e-11,5.571673283675266e-35,5.8850723425560116e-08,1.0777001474513479e-56,0.007565677028844277,2.306293699478358e-20,0.0035131630381914185,7.53919623292445e-30,1.084809573243998e-27
G[T>G]C,8.906163072553092e-11,9.165832543582733e-60,1.4521511694696398e-59,1.674832155489884e-55,2.7174453456949934e-57,2.775475631360176e-48,0.03889148805086673,3.0869169256928216e-50,0.0006722610817847834,1.0886945778604138e-55,1.4805292225703578e-93,1.073166258444767e-43,1.3851781033866914e-09,0.014471207076152853,1.0412799956184136e-71
G[T>G]G,0.0025855329226926386,2.1393725281318149e-16,0.0012062816283375088,0.0012331753105185466,4.081158847677616e-91,6.60919534850314e-30,0.007183084267489944,1.0028005534495453e-17,0.0018669681899352105,5.334696798483934e-55,8.854374833760058e-05,2.668807455197694e-44,3.587257171472923e-28,9.469334421337087e-28,0.04740017755594424
G[T>G]T,0.006566187358826038,0.0029524051960688018,1.155559911220828e-31,1.031190895893372e-37,1.2109948976113475e-36,8.648583567337586e-08,9.823185045072701e-25,1.0180675607845581e-45,4.2549870782911656e-10,1.1161286800129232e-51,2.77257797401072e-10,0.03807741549581554,1.2370659151233811e-14,5.284443470779852e-33,0.0017760310981116366
T[C>A]A,0.007388317898375115,0.06954539852775367,5.269688631878657e-09,0.22198480854559016,3.423507673898101e-08,0.0017199536456877177,6.076969984998018e-39,5.3102737911625325e-08,0.159891798954906,4.193825958751578e-14,0.17964714926667927,4.983574700749726e-28,8.714199294089211e-38,3.565442074865773e-06,1.5006423908415864e-10
T[C>A]C,1.9467869139812395e-09,0.046730247470162745,1.7654541722595647e-22,2.055417592824052e-09,6.605886592542003e-38,0.003129131519077124,1.9589186252369198e-31,0.11427410073100484,0.20146963152411204,0.21758664968763103,3.161448999175307e-14,1.2101006106141176e-10,5.624369809896115e-36,1.7655698935368768e-21,0.00010952135764769382
T[C>A]G,3.161393327003489e-32,0.007694213576597311,1.8616341586073511e-09,7.765462359801847e-35,3.7241018248012555e-28,0.013349814394741404,4.08921353907419e-34,7.412257949980967e-12,0.211374467064325,3.899917984665556e-16,0.11855150441288995,6.70835976958296e-34,1.6999429989798348e-33,7.665887421617898e-18,0.07299188106861002
T[C>A]T,0.12113586376932696,0.039817186527583,3.80097587082693e-23,1.1273588195474122e-34,3.662430610166896e-30,1.9937858931712738e-07,9.216552624557408e-40,9.452626409113214e-11,0.16911092578913123,6.146262308915906e-15,4.556560280403648e-09,7.118222193326397e-32,0.13615398034552226,8.911936691471168e-06,1.4060574136328304e-13
T[C>G]A,3.448450764534116e-34,0.7256083035683186,1.8209001007336726e-41,1.6977365064164846e-36,1.6682291879120266e-37,0.26381102899631165,2.754787064607964e-40,8.186460288762167e-28,1.1831162916502894e-19,1.0794544454176003e-40,1.1043569289315168e-32,8.253792348975778e-41,1.013836273588291e-49,2.8339658343881312e-21,1.4863930806582808e-31
T[C>G]C,1.2057077668425518e-18,0.11005193470499697,1.0927967288422065e-16,2.175750714938682e-22,2.409627176863209e-28,0.015092003398605312,1.0700266569256116e-29,4.512861425713158e-42,0.037809703568539355,2.1403827455733045e-24,0.02450206478254906,4.063660317216794e-38,1.6926191810600475e-28,1.1574437485107535e-33,0.11337198285918193
T[C>G]G,6.355928339441714e-35,0.053400829767597635,1.8702276082036732e-32,1.833392098103061e-21,2.808638086407016e-68,3.3347284907948665e-05,4.114784737183906e-75,3.2301465683977566e-41,5.7468752688186145e-05,1.661551453392228e-22,1.673694122909196e-09,2.0457549230131744e-32,5.434818784679255e-64,4.235066440484406e-18,0.16334334606394155
T[C>G]T,2.319494044254864e-40,0.33593024016221373,3.2169995628730613e-35,2.4601450814565952e-37,7.3421076481487e-49,4.0331482750787724e-26,1.4742530080440135e-37,1.7612160514799952e-62,9.858714013226053e-35,4.5367100029906e-41,6.1928519492730276e-49,2.1683900321236316e-44,0.4784775217175056,4.106070149966979e-25,4.8233721470230993e-26
T[C>T]A,0.03745835013032982,1.0319792245347332,4.122362671731696e-06,1.7217657410406383e-24,0.0005298534486602857,2.969839010971864e-21,0.09090747655306411,0.20954880807392245,0.0004796263374620693,0.26334519153646246,2.905816548733818e-12,0.013688990946016364,0.17107537854828503,0.15904005132109503,5.037484183532043e-13
T[C>T]C,1.2405543938327435e-20,0.02339795862463908,1.866536677525697e-34,1.610281972504014,4.548932666799027e-40,6.10046187216029e-28,0.010694046653804261,2.1980548484989515e-63,2.052613502750009e-18,8.405796674377451e-30,1.9143005886740936e-25,7.869007505449956e-25,2.6561989706699368e-24,3.220162259007458e-16,8.128958160032552e-23
T[C>T]G,0.3429465604417157,0.16679572041456223,5.276509127082371e-22,0.010252185104293862,0.15410064862147607,1.580646299821302e-13,3.332262464999484e-08,8.800136457301884e-39,6.191318400510683e-16,0.13080491335576594,0.4204516774240037,1.3922869899874953e-18,3.759143029115984e-10,0.06418493486747989,1.0466926191821423e-23
T[C>T]T,9.494096167282028e-16,0.2717828434077496,2.1366589056142107e-26,7.013117389342671e-30,6.178137131685314e-15,3.3450784659447948e-21,1.0764935962058314e-13,8.000989102818099e-20,1.8044016890043765e-07,1.4435952487382355e-26,1.080830265454623e-15,0.6231351550173464,8.132755788399958e-51,1.2990760127635418e-19,8.527964693735123e-18
T[T>A]A,8.231486735337627e-07,1.4160210307499536e-20,1.478455830642057e-15,2.2419693857949769e-57,1.7682230201421818e-30,0.032395904950858714,7.681216267724937e-26,0.00032359345186357445,0.024767475131857022,0.025934934678603846,2.2333364753927353e-42,1.664521717022312e-18,1.1512392138772666e-45,4.215598845859557e-24,5.286457565817662e-32
T[T>A]C,2.537859122665073e-16,2.213612772434288e-27,0.03684430030343215,3.094082010595832e-07,3.312847111027572e-70,0.02534845111965155,2.519484331511387e-05,0.016632369738416548,0.04038997687897778,2.7797936491043574e-42,1.626020072414618e-13,4.673592566731409e-05,2.158645837864443e-28,0.002409335527447575,1.0458941877428902e-34
T[T>A]G,9.747522659631124e-53,2.115900542214355e-12,1.3223395567213518e-50,1.3967865850540365e-64,1.1020823190108163e-39,3.084224811595556e-16,8.506026350501828e-64,0.08895956074635591,0.03134803718361376,2.2198795108040247e-64,4.214823859738983e-52,9.151373674999335e-49,5.2936981396105415e-120,4.214874851276569e-33,1.553876226121771e-67
T[T>A]T,1.3710772510992465e-61,2.976638507916143e-66,4.3881468367569925e-101,5.467184818356933e-36,1.136793639773999e-70,5.474009694621454e-13,1.6922610126759523e-82,3.044878011750059e-53,1.2332538356783848e-13,9.237998254805585e-45,7.63433075878273e-65,0.157087020968279,7.179938885303327e-69,6.378960542086208e-14,5.217014247644784e-25
T[T>C]A,1.572578306225992e-33,3.7928947882268415e-42,2.0936504836041823e-31,1.3078688076197266e-05,5.919011124029087e-29,0.04255209324575931,0.02154702387497127,4.8733414388933813e-32,0.05154760202479406,1.4056462362131733e-37,4.714604823779803e-48,8.86175944461814e-05,5.164317202863572e-28,5.767602206485975e-14,1.268209468559393e-11
T[T>C]C,0.012939116935548356,1.9388154910452967e-27,0.0018080527970057688,8.9574930105251e-19,4.57873652006952e-09,0.04877648151244092,3.395249842624897e-20,0.02963495359032772,0.04540517300825593,1.1950272320820107e-11,0.07014793091471105,7.346133072151254e-27,5.0852934941306754e-42,1.400314234637012e-34,3.6486689933893276e-19
T[T>C]G,9.425005207712981e-45,5.4735120554275274e-48,4.194218106449312e-69,6.564530210046921e-53,1.9861372022678558e-56,0.014171434927749539,1.0014983898031351e-15,7.135539427332134e-35,0.009432645642295767,2.15969467942179e-51,0.09006482692290531,3.0007279900026075e-27,1.1566849009105008e-54,3.964838720376712e-33,0.039179545585190774
T[T>C]T,4.633463612424452e-09,5.764820968746141e-30,4.2455337547151965e-17,3.4489219069290773e-14,2.2388010172840256e-12,0.11939112686036044,3.913771864508416e-15,1.3486560421650435e-17,2.2262522621600508e-05,1.9746589061772865e-22,0.023170332848638526,0.09237290965176895,0.1280793428961925,2.820466510508161e-18,9.337520295902294e-14
T[T>G]A,1.9662665601559165e-111,3.1322645206455018e-74,4.883042232776479e-71,1.0677066265531305e-75,6.550839983732503e-128,0.013098989276372652,3.336065486677847e-124,4.2847598986696964e-70,2.392876130553748e-27,5.084221192946006e-59,6.269169517950935e-108,5.942924237607559e-68,1.2444229298556426e-104,2.472073011104388e-114,0.04304779552438057
T[T>G]C,2.9418202697715283e-13,1.3320640758707263e-35,7.201688294426092e-91,1.6733299424560535e-85,3.1805830427612196e-41,0.01287805836856768,6.209767114362654e-65,5.979003887755984e-28,7.801341347226317e-10,1.6520429836983375e-63,5.245557287970057e-35,0.06385058239537734,7.810984382625055e-59,3.56671153919523e-47,6.224168498726296e-71
T[T>G]G,1.901442122720528e-84,6.371659498299247e-150,2.9314920267843557e-40,1.3054276069583282e-22,2.3833732571331045e-78,2.823143370068479e-30,1.7290276547503283e-112,0.014942217372888577,0.002753147348272803,6.478313631244625e-13,0.07559343463406452,4.594091316532983e-50,2.0377983358170493e-47,2.3521215859896262e-92,1.3597664374640434e-43
T[T>G]T,8.92471842213547e-48,2.6015848354682554e-20,2.679852014448037e-29,4.1819191074183514e-38,0.02365998641409454,8.169029947245879e-11,1.117697502873147e-38,0.03710315439628325,0.004564811047794224,4.589964474985402e-40,1.2479813150705546e-14,1.7091398702834956e-18,7.5706567207976315e-47,0.021983114123552614,3.691758754083101e-35
